100 6100
0 0 862
0 1 229
0 5 45
0 6 332
0 8 413
0 10 113
0 12 82
0 13 334
0 17 941
0 19 624
0 20 760
0 22 482
0 23 228
0 24 68
0 26 9
0 27 761
0 28 401
0 31 772
0 32 509
0 34 225
0 36 592
0 37 590
0 39 166
0 41 14
0 44 23
0 45 336
0 48 351
0 50 189
0 51 762
0 53 460
0 54 184
0 55 548
0 56 137
0 57 645
0 58 746
0 59 722
0 61 516
0 64 888
0 66 541
0 67 744
0 68 726
0 69 141
0 70 184
0 71 621
0 72 718
0 77 841
0 78 887
0 79 98
0 80 734
0 82 777
0 83 991
0 86 841
0 87 343
0 88 623
0 90 426
0 91 88
0 92 241
0 93 746
0 94 894
0 96 790
0 97 191
1 0 842
1 1 928
1 3 390
1 5 751
1 6 740
1 7 602
1 11 926
1 14 38
1 15 533
1 16 28
1 18 796
1 19 230
1 20 295
1 22 902
1 24 126
1 25 961
1 26 352
1 27 735
1 29 452
1 30 986
1 32 582
1 34 425
1 35 547
1 37 872
1 40 284
1 41 359
1 42 563
1 43 266
1 45 593
1 46 986
1 47 223
1 49 675
1 50 195
1 51 407
1 52 985
1 53 266
1 54 429
1 55 461
1 58 383
1 59 828
1 60 176
1 61 432
1 62 607
1 63 406
1 65 443
1 66 371
1 67 367
1 68 641
1 69 669
1 70 965
1 71 357
1 72 525
1 73 435
1 74 348
1 75 495
1 76 342
1 77 359
1 80 995
1 83 409
1 84 490
1 85 473
1 87 734
1 88 407
1 90 873
1 92 501
1 93 772
1 95 243
1 96 305
1 97 494
1 98 843
1 99 491
2 1 227
2 2 623
2 3 762
2 4 745
2 7 313
2 9 110
2 14 71
2 15 263
2 16 169
2 17 271
2 18 914
2 19 688
2 21 729
2 22 250
2 25 129
2 26 183
2 28 274
2 30 11
2 31 186
2 32 116
2 34 354
2 35 973
2 37 153
2 41 910
2 42 6
2 46 447
2 50 68
2 51 955
2 54 546
2 57 373
2 58 535
2 59 816
2 60 673
2 63 626
2 65 792
2 66 229
2 67 949
2 70 332
2 74 53
2 76 106
2 77 361
2 78 490
2 79 195
2 81 554
2 82 741
2 83 373
2 84 952
2 86 237
2 90 328
2 92 309
2 93 58
2 95 720
2 96 731
2 97 296
2 98 580
2 99 130
3 0 151
3 1 697
3 3 793
3 4 531
3 5 346
3 8 814
3 12 186
3 13 343
3 17 190
3 18 757
3 19 754
3 21 664
3 22 759
3 23 341
3 26 69
3 27 204
3 28 20
3 29 891
3 31 59
3 33 332
3 34 954
3 35 497
3 36 651
3 37 752
3 40 493
3 43 220
3 44 564
3 45 247
3 47 263
3 48 650
3 49 258
3 50 796
3 51 245
3 53 300
3 54 457
3 55 895
3 56 403
3 57 218
3 58 469
3 59 31
3 63 191
3 64 733
3 66 70
3 67 941
3 69 573
3 70 768
3 73 584
3 75 886
3 76 607
3 78 88
3 79 406
3 80 496
3 82 741
3 83 574
3 84 444
3 85 89
3 86 716
3 87 435
3 88 633
3 89 320
3 90 683
3 91 786
3 93 219
3 94 903
3 96 197
3 97 361
4 1 194
4 2 45
4 3 65
4 4 45
4 5 95
4 10 3
4 12 707
4 13 30
4 16 575
4 17 997
4 19 279
4 22 783
4 23 433
4 24 488
4 25 234
4 27 679
4 28 716
4 29 516
4 32 144
4 33 273
4 34 912
4 35 912
4 36 760
4 39 133
4 41 922
4 42 79
4 45 454
4 46 65
4 47 595
4 50 579
4 52 748
4 53 319
4 55 348
4 59 201
4 61 844
4 63 562
4 65 541
4 67 943
4 68 387
4 69 705
4 70 771
4 71 863
4 72 283
4 73 347
4 74 577
4 75 117
4 77 952
4 78 135
4 82 493
4 83 606
4 86 412
4 87 728
4 90 58
4 91 580
4 92 842
4 93 921
4 94 178
4 95 959
4 96 62
4 97 429
5 1 626
5 2 841
5 3 411
5 4 395
5 6 842
5 7 384
5 8 943
5 9 415
5 10 840
5 12 550
5 13 666
5 14 446
5 18 372
5 19 898
5 20 918
5 21 185
5 22 332
5 23 907
5 24 816
5 25 667
5 27 643
5 28 843
5 29 462
5 30 120
5 32 732
5 33 795
5 35 590
5 37 458
5 38 436
5 39 327
5 40 624
5 41 443
5 42 562
5 43 731
5 44 629
5 47 360
5 50 378
5 52 453
5 53 625
5 55 7
5 56 735
5 57 950
5 58 573
5 59 519
5 60 821
5 65 796
5 67 939
5 69 659
5 71 886
5 72 333
5 73 671
5 75 448
5 76 734
5 77 169
5 79 565
5 80 289
5 81 655
5 82 802
5 87 970
5 92 705
5 93 69
5 96 830
5 99 903
6 0 866
6 1 747
6 3 54
6 5 338
6 6 488
6 9 689
6 11 857
6 12 805
6 14 57
6 15 92
6 16 669
6 17 925
6 19 3
6 20 204
6 21 233
6 22 716
6 23 561
6 24 953
6 25 818
6 26 239
6 27 230
6 28 463
6 29 940
6 31 436
6 32 462
6 33 421
6 37 709
6 38 801
6 39 836
6 40 256
6 43 241
6 45 256
6 46 111
6 48 812
6 52 508
6 53 163
6 54 79
6 55 985
6 56 705
6 57 813
6 59 248
6 61 488
6 62 410
6 64 757
6 69 801
6 70 324
6 72 741
6 73 675
6 75 497
6 77 31
6 79 273
6 80 757
6 81 123
6 82 601
6 84 188
6 86 194
6 87 426
6 91 220
6 92 498
6 93 292
6 97 861
6 98 808
6 99 323
7 3 495
7 6 417
7 7 45
7 9 383
7 10 748
7 13 728
7 15 868
7 17 123
7 18 930
7 19 477
7 21 668
7 24 451
7 25 591
7 26 12
7 28 290
7 29 500
7 30 354
7 32 583
7 34 158
7 35 798
7 36 438
7 37 990
7 41 854
7 45 180
7 48 440
7 49 623
7 52 114
7 53 144
7 55 467
7 56 251
7 57 816
7 58 22
7 63 347
7 65 141
7 66 790
7 67 837
7 70 499
7 71 559
7 74 218
7 77 679
7 79 331
7 80 96
7 82 504
7 83 529
7 85 475
7 87 371
7 88 583
7 90 387
7 91 172
7 92 396
7 93 613
7 94 299
7 95 217
7 97 780
8 0 760
8 2 916
8 3 723
8 6 281
8 7 907
8 9 510
8 10 205
8 12 73
8 13 554
8 14 654
8 16 555
8 18 208
8 19 851
8 20 455
8 21 760
8 23 304
8 25 230
8 26 275
8 27 859
8 28 435
8 29 394
8 30 513
8 31 977
8 32 711
8 33 302
8 34 17
8 35 280
8 37 589
8 38 18
8 39 457
8 41 481
8 42 662
8 44 154
8 50 273
8 51 803
8 53 374
8 54 132
8 56 347
8 57 87
8 62 793
8 64 518
8 65 72
8 66 334
8 68 95
8 70 682
8 71 821
8 72 830
8 73 322
8 74 273
8 76 134
8 78 111
8 80 122
8 81 367
8 82 804
8 87 145
8 91 24
8 93 92
8 94 138
8 96 230
8 97 542
8 98 631
9 0 968
9 1 611
9 2 277
9 3 980
9 4 756
9 5 892
9 6 94
9 7 421
9 8 153
9 9 5
9 10 759
9 11 307
9 12 608
9 13 272
9 14 899
9 15 487
9 18 570
9 19 853
9 20 17
9 22 67
9 24 207
9 25 957
9 26 839
9 27 432
9 30 257
9 34 272
9 37 346
9 38 26
9 41 184
9 43 876
9 45 196
9 46 85
9 47 801
9 50 843
9 52 464
9 53 505
9 54 24
9 56 944
9 57 444
9 59 970
9 60 127
9 61 398
9 62 163
9 63 771
9 64 141
9 67 527
9 69 640
9 70 964
9 71 643
9 74 839
9 75 837
9 79 961
9 80 608
9 82 224
9 83 15
9 84 744
9 85 572
9 86 854
9 87 898
9 88 481
9 89 778
9 93 789
9 96 522
9 97 354
9 98 315
9 99 959
10 1 650
10 3 79
10 4 713
10 6 614
10 7 509
10 8 459
10 11 957
10 12 892
10 14 483
10 17 599
10 20 294
10 21 295
10 22 307
10 23 666
10 26 640
10 27 240
10 29 682
10 30 656
10 31 348
10 32 737
10 33 742
10 34 781
10 35 496
10 36 880
10 37 146
10 41 187
10 42 768
10 43 263
10 44 900
10 46 637
10 48 701
10 52 625
10 53 891
10 54 899
10 55 942
10 56 46
10 58 233
10 64 389
10 65 477
10 66 120
10 69 426
10 70 981
10 71 889
10 72 426
10 74 762
10 77 789
10 78 674
10 83 798
10 84 104
10 86 990
10 88 523
10 89 189
10 91 481
10 93 661
10 95 859
10 97 33
11 0 783
11 1 716
11 3 610
11 4 966
11 6 967
11 8 940
11 9 739
11 12 902
11 13 808
11 18 274
11 19 953
11 21 907
11 23 436
11 24 382
11 25 149
11 27 13
11 28 344
11 34 534
11 35 113
11 36 456
11 38 874
11 39 113
11 40 74
11 42 877
11 43 786
11 44 634
11 46 675
11 47 890
11 48 190
11 51 172
11 52 601
11 55 330
11 56 536
11 58 606
11 59 980
11 61 35
11 62 948
11 63 425
11 66 963
11 68 701
11 70 807
11 71 490
11 73 288
11 74 799
11 75 125
11 76 613
11 77 464
11 80 22
11 81 344
11 82 937
11 84 995
11 85 210
11 86 246
11 87 938
11 88 727
11 89 467
11 90 770
11 91 410
11 94 618
11 98 620
11 99 384
12 1 89
12 2 193
12 5 400
12 8 115
12 9 797
12 10 323
12 11 716
12 13 406
12 15 966
12 17 785
12 19 788
12 21 108
12 23 669
12 24 217
12 25 470
12 28 223
12 29 626
12 31 123
12 36 664
12 38 446
12 39 33
12 42 713
12 43 827
12 44 720
12 45 879
12 47 915
12 51 934
12 52 313
12 54 946
12 57 994
12 58 880
12 59 879
12 60 611
12 64 932
12 65 805
12 66 30
12 67 870
12 72 899
12 73 148
12 74 675
12 75 463
12 77 852
12 78 944
12 83 444
12 84 458
12 86 776
12 87 719
12 88 991
12 89 575
12 90 872
12 91 630
12 92 508
12 93 233
12 96 473
12 97 734
12 99 651
13 5 658
13 6 157
13 7 296
13 8 116
13 9 341
13 13 49
13 14 693
13 18 468
13 20 574
13 22 886
13 24 775
13 25 666
13 26 622
13 27 46
13 28 473
13 30 166
13 32 231
13 35 836
13 36 840
13 37 841
13 38 257
13 39 525
13 40 38
13 43 720
13 45 742
13 46 382
13 47 265
13 50 448
13 51 830
13 52 178
13 53 373
13 54 939
13 55 675
13 56 968
13 58 626
13 59 411
13 61 382
13 62 339
13 64 508
13 65 321
13 71 863
13 73 100
13 76 274
13 78 521
13 79 160
13 80 737
13 88 577
13 89 39
13 90 690
13 91 921
13 92 436
13 93 640
13 95 708
13 97 967
14 0 614
14 6 457
14 7 411
14 8 110
14 9 101
14 11 811
14 12 679
14 13 586
14 15 447
14 16 808
14 20 77
14 21 499
14 22 900
14 24 930
14 25 848
14 26 769
14 27 138
14 31 575
14 34 207
14 35 348
14 36 597
14 37 648
14 38 326
14 39 961
14 40 970
14 41 676
14 42 510
14 46 429
14 48 639
14 50 644
14 51 996
14 52 855
14 53 375
14 54 454
14 55 127
14 56 632
14 57 291
14 58 823
14 59 970
14 60 796
14 62 237
14 68 691
14 69 610
14 70 887
14 72 86
14 73 217
14 74 501
14 75 13
14 76 855
14 77 932
14 78 225
14 79 972
14 80 858
14 81 532
14 84 815
14 85 427
14 86 631
14 87 29
14 89 191
14 91 974
14 94 377
14 97 677
14 98 498
14 99 226
15 0 901
15 1 14
15 4 908
15 5 32
15 7 869
15 8 959
15 10 853
15 15 270
15 16 834
15 18 895
15 19 193
15 21 397
15 22 187
15 23 945
15 25 336
15 26 48
15 30 786
15 31 361
15 34 4
15 38 346
15 40 331
15 43 225
15 44 368
15 47 312
15 48 326
15 49 166
15 50 329
15 51 784
15 52 228
15 55 454
15 56 289
15 59 887
15 61 899
15 62 984
15 64 200
15 65 262
15 66 888
15 67 585
15 68 145
15 70 78
15 72 814
15 74 862
15 75 160
15 76 617
15 77 230
15 80 553
15 81 21
15 82 996
15 83 34
15 84 861
15 88 653
15 90 287
15 94 648
15 95 26
15 97 784
15 98 411
15 99 951
16 0 351
16 2 224
16 3 687
16 4 688
16 8 225
16 10 41
16 12 647
16 16 918
16 17 118
16 18 585
16 19 215
16 20 209
16 21 286
16 28 983
16 29 374
16 30 785
16 32 285
16 34 700
16 35 385
16 38 648
16 41 214
16 47 76
16 49 987
16 50 149
16 54 534
16 56 684
16 57 404
16 60 828
16 61 549
16 62 316
16 63 357
16 65 161
16 66 12
16 68 853
16 69 397
16 70 621
16 71 5
16 73 352
16 76 8
16 77 467
16 78 414
16 80 213
16 81 811
16 82 400
16 83 851
16 85 72
16 87 855
16 89 636
16 92 352
16 93 697
16 94 15
16 95 120
16 96 327
16 97 87
16 98 521
17 0 837
17 1 347
17 3 332
17 4 776
17 5 314
17 8 806
17 9 150
17 10 360
17 11 746
17 14 288
17 16 762
17 17 78
17 18 13
17 19 622
17 20 96
17 22 405
17 26 639
17 27 795
17 29 141
17 33 136
17 35 415
17 36 214
17 38 636
17 39 650
17 40 178
17 41 477
17 42 778
17 47 421
17 52 498
17 54 745
17 55 922
17 56 397
17 59 540
17 61 42
17 63 629
17 64 63
17 66 14
17 68 540
17 70 180
17 72 841
17 75 996
17 76 725
17 77 289
17 79 110
17 81 786
17 83 65
17 85 771
17 86 547
17 87 51
17 89 633
17 91 66
17 92 711
17 93 665
17 94 855
17 95 427
17 96 833
18 0 972
18 1 613
18 2 761
18 3 166
18 4 350
18 5 530
18 6 881
18 12 405
18 13 389
18 14 38
18 15 833
18 16 615
18 18 258
18 20 661
18 21 244
18 22 584
18 24 286
18 26 173
18 28 920
18 29 937
18 30 728
18 31 617
18 32 829
18 33 190
18 35 287
18 36 973
18 37 215
18 38 228
18 40 614
18 41 595
18 43 873
18 44 389
18 45 40
18 47 690
18 48 992
18 52 905
18 53 861
18 54 839
18 55 310
18 57 248
18 58 680
18 59 69
18 61 850
18 70 188
18 71 582
18 74 249
18 75 779
18 78 764
18 79 329
18 80 16
18 82 272
18 83 73
18 84 392
18 85 919
18 86 82
18 87 32
18 88 585
18 89 801
18 90 731
18 93 288
18 94 831
18 95 522
18 96 518
18 97 725
18 98 981
18 99 425
19 1 848
19 3 150
19 5 934
19 8 850
19 11 217
19 13 723
19 14 15
19 15 650
19 19 829
19 20 126
19 21 631
19 23 866
19 25 998
19 27 568
19 28 796
19 30 980
19 32 839
19 33 2
19 34 848
19 35 642
19 37 892
19 39 718
19 43 567
19 44 445
19 47 992
19 48 759
19 49 474
19 50 688
19 51 508
19 53 23
19 54 137
19 55 118
19 56 544
19 57 854
19 58 936
19 59 500
19 60 136
19 61 268
19 62 119
19 65 82
19 66 730
19 67 22
19 71 439
19 72 306
19 73 913
19 74 595
19 75 794
19 78 285
19 79 548
19 81 187
19 84 815
19 85 715
19 86 662
19 87 340
19 88 66
19 89 737
19 90 20
19 91 351
19 93 584
19 95 338
19 96 624
19 97 969
19 98 108
19 99 372
20 1 127
20 2 234
20 3 576
20 4 171
20 6 926
20 8 415
20 9 428
20 10 131
20 11 562
20 12 176
20 14 536
20 15 37
20 16 347
20 17 722
20 18 413
20 19 477
20 22 10
20 23 94
20 24 642
20 25 502
20 26 879
20 27 124
20 29 461
20 30 859
20 34 352
20 37 619
20 38 966
20 41 421
20 43 994
20 44 687
20 45 332
20 46 161
20 48 284
20 49 247
20 50 536
20 53 643
20 55 604
20 56 558
20 57 440
20 58 746
20 61 532
20 62 86
20 65 979
20 66 432
20 67 399
20 69 728
20 72 397
20 73 392
20 74 136
20 76 106
20 80 421
20 81 976
20 82 195
20 83 805
20 84 775
20 85 863
20 87 309
20 88 289
20 89 92
20 91 543
20 92 105
20 93 396
20 94 5
20 95 322
20 96 253
20 97 670
21 0 863
21 1 412
21 3 738
21 5 517
21 6 870
21 8 849
21 9 259
21 10 609
21 11 133
21 12 961
21 14 830
21 15 114
21 16 629
21 18 830
21 20 827
21 21 151
21 22 245
21 24 638
21 28 107
21 30 815
21 32 73
21 33 227
21 34 551
21 36 362
21 37 954
21 38 302
21 39 203
21 40 902
21 41 415
21 43 210
21 45 304
21 48 476
21 49 175
21 51 647
21 53 990
21 54 895
21 56 462
21 58 617
21 61 469
21 62 258
21 63 175
21 65 481
21 67 538
21 68 120
21 70 9
21 71 483
21 72 994
21 73 591
21 74 97
21 76 818
21 78 885
21 79 34
21 80 693
21 82 332
21 83 708
21 84 724
21 85 171
21 86 913
21 88 2
21 90 187
21 93 347
21 97 927
21 99 892
22 0 379
22 2 21
22 3 456
22 7 628
22 10 262
22 11 101
22 12 624
22 13 869
22 14 824
22 15 747
22 17 818
22 18 422
22 20 712
22 21 914
22 22 95
22 23 62
22 25 531
22 26 252
22 28 268
22 29 847
22 30 841
22 32 300
22 37 827
22 39 794
22 41 999
22 42 18
22 43 122
22 44 911
22 46 839
22 47 588
22 48 544
22 50 89
22 51 191
22 54 616
22 55 348
22 57 870
22 59 144
22 60 284
22 64 522
22 66 287
22 67 725
22 70 654
22 71 719
22 72 444
22 73 987
22 74 448
22 76 27
22 77 465
22 79 443
22 80 882
22 81 182
22 82 249
22 84 660
22 85 83
22 87 676
22 88 167
22 90 69
22 92 752
22 93 289
22 95 657
22 96 197
22 99 52
23 0 617
23 1 636
23 4 126
23 5 776
23 7 997
23 8 262
23 10 729
23 11 601
23 12 811
23 13 817
23 14 758
23 17 209
23 18 71
23 19 441
23 21 646
23 23 591
23 24 521
23 27 109
23 28 938
23 29 526
23 30 452
23 31 803
23 32 403
23 33 916
23 34 739
23 35 267
23 37 361
23 38 982
23 39 750
23 40 489
23 41 889
23 43 77
23 44 530
23 49 902
23 50 616
23 51 798
23 53 850
23 54 120
23 55 87
23 56 280
23 57 484
23 59 992
23 62 741
23 64 589
23 65 287
23 66 441
23 67 991
23 68 391
23 69 107
23 70 942
23 71 967
23 73 954
23 76 154
23 77 491
23 78 532
23 80 950
23 82 400
23 86 392
23 87 351
23 89 224
23 90 702
23 92 982
23 95 754
23 96 82
23 97 100
23 98 803
23 99 510
24 0 913
24 1 192
24 4 845
24 6 341
24 7 26
24 8 184
24 11 38
24 14 221
24 16 546
24 18 982
24 19 493
24 20 750
24 23 812
24 24 661
24 26 279
24 29 605
24 30 891
24 32 343
24 33 257
24 34 423
24 36 898
24 37 199
24 39 569
24 40 193
24 41 638
24 42 725
24 43 171
24 44 874
24 46 821
24 47 744
24 48 878
24 49 253
24 50 103
24 51 120
24 52 24
24 54 723
24 55 812
24 62 444
24 63 205
24 64 396
24 66 637
24 69 144
24 70 33
24 73 74
24 75 671
24 76 996
24 78 594
24 80 630
24 82 602
24 84 954
24 85 398
24 86 516
24 88 695
24 89 938
24 91 31
24 92 26
24 93 94
24 94 429
24 95 213
24 96 196
24 97 670
24 98 750
25 0 303
25 2 466
25 4 566
25 5 222
25 6 937
25 7 634
25 8 20
25 11 513
25 12 294
25 13 928
25 16 455
25 18 119
25 20 230
25 21 311
25 22 911
25 23 504
25 25 159
25 26 889
25 27 141
25 28 379
25 31 874
25 33 771
25 35 245
25 36 886
25 37 30
25 39 610
25 41 765
25 44 317
25 46 933
25 47 92
25 48 461
25 49 601
25 52 458
25 53 951
25 56 891
25 57 808
25 58 478
25 59 189
25 63 731
25 64 782
25 65 688
25 68 824
25 69 951
25 70 843
25 71 89
25 74 278
25 76 429
25 79 274
25 82 425
25 83 766
25 84 737
25 85 587
25 86 309
25 87 648
25 90 477
25 91 656
25 92 629
25 96 551
25 97 36
25 98 798
25 99 992
26 0 89
26 1 166
26 3 10
26 4 289
26 6 344
26 7 269
26 12 746
26 15 538
26 16 757
26 18 504
26 20 700
26 22 79
26 26 440
26 29 360
26 30 752
26 34 932
26 35 610
26 36 174
26 37 672
26 38 299
26 39 145
26 40 158
26 42 58
26 43 935
26 44 390
26 47 393
26 48 504
26 49 383
26 52 148
26 54 807
26 56 349
26 57 292
26 59 345
26 60 584
26 61 757
26 62 327
26 65 500
26 66 465
26 67 831
26 68 713
26 69 157
26 70 249
26 71 650
26 72 90
26 73 722
26 75 143
26 76 832
26 77 692
26 78 667
26 80 724
26 81 284
26 86 958
26 87 723
26 88 484
26 91 155
26 92 478
26 93 871
26 94 271
26 96 461
26 97 204
26 99 748
27 0 216
27 3 597
27 5 881
27 8 696
27 9 949
27 14 902
27 16 452
27 18 868
27 21 280
27 22 171
27 23 429
27 24 30
27 25 916
27 29 840
27 30 836
27 35 45
27 36 919
27 38 116
27 39 174
27 40 48
27 41 352
27 42 609
27 45 636
27 46 905
27 47 608
27 51 482
27 58 643
27 59 849
27 64 496
27 71 994
27 72 127
27 75 43
27 76 503
27 77 553
27 80 279
27 81 817
27 83 366
27 85 653
27 86 30
27 87 148
27 90 319
27 91 317
27 92 671
27 93 508
27 94 737
27 97 868
27 98 979
28 0 516
28 1 299
28 2 77
28 4 828
28 8 978
28 10 625
28 11 298
28 13 443
28 14 2
28 16 153
28 17 656
28 18 650
28 19 462
28 20 478
28 21 177
28 22 373
28 23 722
28 24 740
28 25 682
28 26 809
28 28 154
28 29 83
28 30 911
28 31 595
28 32 989
28 33 167
28 34 66
28 35 612
28 37 275
28 38 625
28 39 581
28 41 838
28 43 239
28 44 752
28 46 374
28 47 947
28 50 676
28 51 614
28 52 514
28 53 348
28 55 238
28 57 467
28 58 59
28 59 75
28 64 404
28 65 22
28 66 473
28 67 888
28 68 592
28 70 81
28 71 537
28 73 554
28 74 24
28 76 254
28 78 239
28 80 609
28 81 774
28 82 52
28 83 145
28 84 473
28 85 254
28 88 529
28 89 49
28 92 711
28 93 46
28 94 375
29 0 133
29 1 706
29 2 24
29 3 702
29 4 148
29 5 49
29 6 88
29 8 926
29 9 809
29 10 398
29 11 668
29 13 422
29 14 725
29 15 740
29 18 619
29 19 390
29 23 428
29 24 396
29 25 790
29 26 574
29 28 212
29 30 478
29 31 512
29 33 705
29 34 821
29 35 512
29 36 154
29 37 253
29 39 458
29 40 377
29 42 805
29 43 885
29 44 334
29 49 369
29 50 981
29 54 916
29 55 714
29 56 295
29 60 818
29 61 93
29 62 49
29 63 169
29 64 317
29 65 548
29 66 296
29 67 372
29 70 273
29 71 384
29 73 419
29 74 147
29 78 114
29 81 916
29 82 532
29 83 612
29 86 759
29 87 739
29 88 338
29 89 790
29 91 995
29 95 978
29 97 543
30 0 219
30 1 877
30 4 884
30 5 842
30 6 906
30 7 182
30 10 245
30 11 243
30 12 963
30 13 232
30 14 121
30 15 531
30 16 215
30 18 189
30 19 351
30 21 610
30 24 351
30 26 965
30 28 555
30 29 744
30 32 625
30 38 651
30 39 32
30 41 895
30 43 206
30 45 825
30 46 361
30 47 143
30 51 610
30 52 485
30 54 225
30 55 612
30 56 234
30 57 779
30 58 850
30 59 186
30 60 176
30 62 160
30 63 440
30 65 983
30 66 341
30 67 496
30 68 873
30 69 752
30 70 939
30 71 226
30 72 518
30 74 961
30 75 869
30 77 808
30 78 981
30 79 175
30 81 791
30 83 739
30 85 423
30 87 357
30 90 322
30 91 35
30 93 898
30 96 560
30 97 928
30 98 662
31 0 106
31 1 929
31 3 158
31 5 627
31 6 739
31 7 265
31 9 513
31 10 931
31 11 509
31 15 358
31 16 883
31 17 18
31 19 152
31 21 200
31 22 611
31 23 916
31 24 625
31 25 86
31 27 481
31 28 84
31 29 41
31 32 676
31 34 849
31 35 404
31 36 416
31 37 253
31 38 763
31 40 147
31 41 751
31 43 384
31 45 441
31 49 506
31 52 101
31 53 174
31 56 321
31 57 742
31 58 482
31 59 298
31 61 171
31 62 265
31 63 184
31 64 353
31 66 272
31 67 111
31 68 193
31 69 955
31 70 362
31 71 405
31 72 444
31 74 107
31 75 754
31 77 446
31 78 278
31 79 57
31 80 53
31 81 890
31 82 153
31 85 558
31 88 100
31 90 210
31 91 374
31 95 676
31 96 986
31 98 78
31 99 847
32 0 157
32 1 440
32 2 559
32 3 552
32 5 386
32 8 736
32 9 560
32 10 841
32 12 666
32 15 318
32 16 932
32 17 699
32 18 196
32 19 131
32 21 582
32 23 524
32 24 350
32 26 273
32 27 555
32 28 238
32 29 750
32 30 126
32 33 907
32 35 774
32 37 180
32 38 278
32 39 537
32 41 452
32 44 863
32 45 683
32 47 276
32 49 170
32 50 493
32 51 906
32 54 809
32 55 186
32 59 723
32 60 229
32 61 993
32 62 720
32 65 504
32 67 6
32 68 546
32 69 417
32 70 153
32 74 597
32 75 155
32 76 214
32 77 249
32 78 134
32 80 868
32 81 347
32 82 141
32 84 60
32 85 460
32 88 644
32 90 846
32 91 270
32 93 268
32 94 61
32 96 779
32 97 580
32 99 1
33 0 350
33 1 483
33 3 15
33 4 784
33 5 321
33 6 770
33 7 163
33 8 578
33 10 105
33 11 642
33 12 855
33 13 694
33 17 760
33 19 690
33 20 200
33 21 632
33 22 353
33 24 691
33 25 32
33 31 760
33 33 593
33 34 269
33 35 285
33 37 346
33 38 629
33 39 958
33 41 227
33 42 590
33 45 736
33 46 426
33 48 775
33 49 711
33 51 724
33 56 858
33 59 936
33 66 300
33 67 342
33 68 425
33 70 453
33 71 586
33 72 14
33 73 85
33 76 522
33 77 426
33 78 10
33 79 777
33 81 780
33 82 32
33 83 976
33 84 565
33 85 157
33 87 491
33 89 109
33 91 773
33 92 340
33 95 554
33 96 92
33 97 210
33 98 427
33 99 974
34 0 182
34 1 105
34 3 279
34 4 983
34 7 34
34 8 817
34 9 35
34 10 589
34 11 263
34 12 332
34 15 194
34 16 499
34 17 469
34 19 748
34 20 156
34 21 906
34 24 352
34 25 677
34 26 848
34 27 56
34 29 671
34 30 544
34 31 920
34 32 42
34 36 670
34 38 882
34 40 279
34 41 826
34 42 297
34 49 58
34 50 276
34 56 562
34 57 256
34 59 319
34 60 705
34 61 250
34 62 740
34 63 609
34 65 197
34 67 734
34 70 930
34 73 157
34 74 843
34 76 541
34 77 967
34 79 934
34 80 449
34 83 897
34 86 281
34 87 771
34 90 901
34 92 770
34 94 672
34 96 190
34 97 623
34 98 928
35 0 0
35 4 753
35 6 404
35 7 593
35 8 723
35 9 306
35 10 692
35 11 745
35 14 422
35 15 662
35 17 274
35 18 529
35 19 767
35 20 596
35 21 698
35 22 874
35 23 914
35 25 506
35 26 467
35 27 93
35 28 709
35 29 9
35 30 547
35 31 248
35 32 715
35 33 194
35 34 322
35 36 309
35 37 764
35 39 344
35 40 735
35 41 730
35 42 144
35 44 96
35 45 212
35 46 35
35 47 567
35 48 815
35 49 180
35 50 341
35 51 565
35 54 58
35 55 0
35 56 513
35 58 472
35 59 945
35 61 167
35 62 764
35 63 567
35 64 976
35 65 236
35 66 742
35 69 680
35 71 77
35 73 153
35 74 801
35 75 924
35 76 173
35 78 989
35 79 565
35 80 607
35 82 951
35 83 547
35 89 820
35 91 132
35 92 691
35 93 238
35 94 858
35 97 509
35 98 763
35 99 881
36 0 525
36 1 654
36 2 719
36 4 291
36 10 140
36 11 669
36 12 69
36 13 786
36 14 494
36 16 442
36 17 14
36 18 702
36 19 924
36 20 591
36 23 170
36 25 758
36 26 62
36 27 797
36 28 217
36 29 548
36 31 296
36 33 10
36 34 306
36 35 63
36 36 298
36 37 236
36 38 114
36 39 98
36 40 512
36 41 613
36 42 2
36 43 189
36 44 832
36 45 109
36 46 226
36 47 62
36 48 523
36 49 510
36 52 193
36 53 491
36 60 302
36 64 59
36 65 514
36 66 555
36 67 720
36 70 982
36 74 827
36 76 231
36 77 251
36 78 862
36 80 777
36 81 993
36 83 451
36 84 646
36 90 800
36 91 428
36 92 278
36 93 424
36 94 727
36 96 977
36 98 296
36 99 509
37 0 445
37 2 25
37 3 272
37 5 710
37 8 536
37 9 170
37 11 443
37 14 717
37 16 182
37 17 837
37 20 123
37 21 787
37 23 993
37 26 218
37 27 524
37 29 988
37 30 550
37 32 239
37 33 7
37 34 453
37 36 749
37 37 182
37 38 313
37 39 98
37 40 683
37 41 366
37 42 616
37 44 637
37 47 462
37 49 667
37 50 993
37 51 726
37 52 903
37 53 843
37 55 278
37 57 142
37 58 214
37 59 977
37 60 199
37 63 461
37 64 305
37 65 632
37 67 76
37 68 794
37 70 660
37 71 999
37 74 273
37 75 495
37 76 976
37 78 624
37 81 403
37 82 906
37 84 748
37 85 884
37 89 683
37 90 819
37 92 299
37 94 797
37 95 942
37 96 595
37 97 178
37 98 649
38 0 627
38 2 649
38 3 910
38 4 351
38 6 682
38 8 356
38 9 153
38 10 679
38 12 451
38 14 637
38 15 177
38 20 571
38 22 608
38 23 532
38 25 781
38 27 30
38 28 915
38 29 474
38 31 917
38 32 995
38 33 844
38 34 398
38 35 766
38 37 284
38 38 119
38 39 753
38 40 840
38 41 59
38 42 652
38 45 172
38 46 269
38 48 250
38 49 414
38 50 41
38 51 91
38 52 902
38 54 488
38 56 393
38 57 541
38 58 775
38 59 480
38 61 987
38 64 89
38 65 891
38 67 375
38 68 245
38 69 464
38 70 89
38 72 424
38 75 446
38 78 33
38 80 165
38 82 826
38 83 424
38 84 997
38 87 390
38 88 352
38 90 525
38 93 383
38 94 306
38 95 379
38 96 193
38 97 848
38 98 69
39 1 784
39 2 523
39 3 808
39 4 312
39 5 956
39 6 45
39 8 933
39 9 905
39 12 191
39 14 577
39 15 683
39 17 55
39 18 460
39 19 317
39 20 498
39 22 88
39 23 586
39 24 898
39 25 702
39 26 200
39 28 450
39 29 601
39 30 961
39 31 631
39 32 933
39 33 933
39 34 951
39 35 267
39 36 221
39 37 919
39 39 532
39 40 648
39 42 381
39 43 266
39 44 295
39 46 87
39 48 985
39 50 802
39 52 817
39 53 32
39 54 218
39 55 313
39 56 705
39 57 709
39 58 174
39 60 43
39 61 520
39 62 815
39 63 37
39 64 102
39 67 303
39 73 131
39 74 432
39 78 626
39 79 318
39 80 424
39 82 122
39 85 950
39 86 680
39 87 559
39 88 609
39 91 663
39 92 719
39 94 207
39 95 341
39 96 464
39 99 580
40 1 442
40 2 758
40 3 238
40 4 905
40 5 368
40 6 550
40 7 794
40 10 305
40 11 891
40 12 339
40 13 977
40 14 911
40 15 163
40 17 416
40 22 959
40 26 783
40 28 94
40 30 683
40 31 921
40 33 937
40 35 111
40 37 231
40 38 917
40 39 958
40 40 742
40 42 575
40 46 550
40 47 98
40 50 638
40 53 857
40 54 549
40 55 972
40 56 328
40 59 157
40 60 135
40 61 696
40 63 38
40 68 582
40 73 859
40 74 856
40 75 316
40 77 143
40 78 621
40 80 778
40 84 220
40 86 262
40 87 118
40 88 108
40 94 498
40 95 529
40 96 619
40 97 949
40 98 18
41 0 229
41 2 440
41 3 138
41 5 834
41 6 403
41 10 589
41 14 354
41 16 625
41 17 739
41 18 899
41 19 708
41 21 955
41 22 594
41 24 806
41 26 292
41 29 183
41 30 453
41 31 109
41 33 977
41 36 482
41 38 597
41 40 582
41 41 532
41 42 660
41 43 737
41 44 239
41 48 832
41 52 542
41 53 356
41 54 291
41 57 623
41 58 756
41 60 65
41 63 175
41 64 830
41 65 292
41 66 900
41 69 957
41 71 863
41 72 451
41 75 266
41 77 225
41 79 609
41 80 631
41 81 372
41 82 701
41 83 351
41 84 907
41 86 934
41 87 808
41 88 792
41 90 296
41 91 343
41 93 815
41 95 538
41 97 650
41 98 796
41 99 153
42 0 353
42 1 503
42 3 273
42 4 226
42 5 375
42 6 442
42 7 525
42 8 529
42 10 781
42 12 60
42 14 1
42 18 462
42 20 911
42 21 383
42 22 85
42 23 508
42 29 268
42 30 917
42 31 852
42 32 56
42 33 361
42 35 433
42 36 924
42 38 69
42 39 652
42 40 415
42 43 66
42 44 76
42 45 373
42 47 15
42 48 931
42 49 304
42 52 828
42 53 884
42 56 388
42 57 593
42 58 609
42 59 526
42 60 515
42 62 298
42 63 848
42 65 166
42 66 786
42 67 197
42 69 247
42 71 740
42 73 210
42 74 433
42 75 376
42 77 938
42 79 765
42 81 743
42 82 527
42 84 502
42 85 934
42 86 336
42 90 973
42 92 488
42 93 774
42 95 994
42 97 357
42 99 843
43 1 695
43 5 730
43 6 877
43 7 259
43 8 544
43 11 205
43 12 982
43 13 592
43 14 153
43 15 70
43 16 123
43 18 687
43 20 993
43 21 917
43 24 616
43 29 38
43 31 301
43 33 429
43 35 593
43 36 88
43 37 466
43 40 152
43 41 1
43 45 645
43 47 373
43 48 932
43 50 818
43 51 531
43 54 142
43 55 197
43 62 344
43 63 876
43 65 4
43 67 150
43 68 848
43 69 241
43 70 932
43 71 756
43 72 157
43 74 568
43 75 841
43 76 761
43 77 356
43 78 776
43 80 653
43 81 172
43 82 267
43 83 992
43 84 696
43 85 540
43 86 669
43 87 422
43 88 518
43 89 186
43 90 923
43 92 348
43 93 333
43 94 556
43 95 45
43 97 480
43 98 211
44 1 928
44 7 81
44 8 679
44 9 152
44 10 589
44 11 22
44 12 316
44 13 327
44 14 27
44 16 954
44 19 304
44 22 681
44 25 249
44 27 914
44 28 718
44 30 731
44 31 72
44 35 371
44 36 658
44 37 530
44 38 417
44 40 365
44 41 284
44 42 620
44 43 51
44 45 82
44 47 273
44 48 484
44 53 696
44 54 593
44 55 382
44 57 321
44 59 886
44 60 149
44 62 998
44 63 230
44 64 55
44 65 795
44 66 9
44 67 201
44 69 768
44 70 82
44 71 370
44 72 837
44 75 610
44 78 383
44 79 624
44 80 441
44 81 35
44 82 637
44 83 645
44 84 394
44 85 852
44 86 912
44 88 544
44 90 734
44 91 998
44 92 434
44 94 915
44 98 498
45 1 127
45 2 377
45 3 165
45 4 352
45 5 744
45 7 434
45 8 466
45 9 969
45 11 874
45 12 889
45 13 964
45 16 42
45 17 58
45 18 225
45 19 949
45 20 349
45 22 755
45 24 598
45 25 820
45 27 984
45 28 777
45 30 625
45 31 286
45 32 560
45 36 982
45 39 347
45 40 813
45 42 39
45 43 242
45 44 641
45 46 413
45 48 570
45 49 580
45 50 258
45 51 807
45 52 137
45 56 545
45 57 331
45 58 526
45 59 829
45 60 958
45 63 569
45 66 969
45 68 266
45 70 203
45 71 564
45 72 113
45 74 402
45 76 396
45 79 153
45 81 325
45 82 994
45 83 714
45 84 359
45 86 957
45 87 549
45 88 419
45 89 924
45 92 663
45 93 24
45 96 52
45 97 416
45 98 688
45 99 105
46 0 439
46 2 46
46 4 285
46 5 363
46 6 932
46 7 501
46 8 169
46 11 312
46 12 851
46 14 576
46 15 823
46 17 336
46 18 904
46 21 2
46 22 859
46 24 704
46 26 685
46 28 152
46 30 927
46 33 820
46 34 112
46 35 641
46 36 509
46 37 469
46 40 941
46 41 203
46 45 137
46 46 569
46 47 747
46 48 91
46 51 55
46 52 101
46 53 875
46 56 150
46 58 118
46 59 322
46 61 729
46 62 519
46 63 26
46 65 625
46 66 836
46 67 874
46 70 264
46 71 526
46 75 761
46 76 942
46 78 751
46 79 706
46 80 474
46 82 11
46 83 30
46 84 397
46 85 501
46 86 452
46 87 38
46 89 618
46 90 279
46 91 450
46 93 15
46 96 250
46 97 491
46 99 928
47 4 656
47 5 977
47 6 806
47 7 410
47 8 669
47 9 328
47 10 261
47 11 414
47 12 167
47 13 477
47 17 879
47 18 108
47 19 303
47 22 276
47 23 846
47 24 592
47 25 902
47 26 816
47 29 772
47 31 707
47 32 834
47 33 935
47 35 746
47 36 244
47 39 764
47 41 496
47 43 814
47 46 567
47 47 295
47 49 132
47 50 916
47 51 961
47 52 381
47 53 696
47 56 915
47 57 836
47 58 62
47 59 468
47 60 753
47 61 623
47 62 641
47 63 363
47 64 59
47 65 637
47 66 776
47 67 995
47 69 460
47 71 754
47 72 697
47 74 262
47 77 115
47 78 690
47 81 353
47 82 700
47 83 672
47 84 630
47 85 944
47 86 663
47 87 206
47 88 397
47 89 719
47 92 452
47 93 287
47 94 782
47 98 174
47 99 537
48 1 226
48 2 729
48 3 640
48 4 3
48 5 124
48 6 872
48 8 331
48 9 424
48 11 973
48 13 684
48 14 626
48 15 371
48 16 624
48 17 90
48 18 163
48 19 104
48 20 346
48 21 230
48 24 585
48 25 427
48 27 301
48 28 435
48 31 600
48 32 851
48 33 657
48 34 362
48 36 928
48 37 463
48 39 494
48 41 48
48 49 8
48 50 326
48 52 316
48 53 975
48 55 312
48 57 444
48 59 46
48 61 594
48 62 963
48 63 918
48 65 781
48 68 913
48 69 643
48 70 412
48 71 985
48 72 528
48 74 769
48 76 999
48 77 198
48 81 372
48 83 673
48 84 720
48 87 398
48 88 878
48 89 632
48 91 447
48 93 890
48 94 545
48 96 78
48 97 678
48 98 794
48 99 410
49 1 567
49 3 935
49 4 366
49 5 85
49 7 22
49 8 724
49 9 626
49 10 221
49 11 58
49 15 982
49 16 298
49 17 572
49 18 721
49 19 356
49 20 105
49 22 914
49 24 967
49 27 766
49 29 492
49 31 286
49 32 283
49 33 36
49 35 470
49 36 501
49 37 986
49 38 736
49 40 406
49 41 909
49 42 623
49 43 24
49 44 0
49 46 110
49 47 38
49 49 520
49 50 769
49 52 360
49 53 696
49 54 766
49 58 561
49 60 471
49 61 262
49 62 22
49 64 86
49 66 82
49 69 222
49 70 269
49 73 353
49 74 605
49 76 148
49 77 906
49 78 850
49 79 199
49 80 571
49 81 461
49 84 725
49 85 91
49 88 624
49 89 111
49 90 552
49 91 138
49 92 583
49 94 842
49 96 161
49 97 272
49 99 191
50 1 300
50 2 143
50 3 155
50 5 48
50 6 338
50 7 270
50 8 761
50 9 189
50 10 461
50 11 4
50 12 898
50 15 94
50 16 990
50 17 64
50 19 911
50 20 226
50 22 179
50 24 945
50 25 116
50 26 715
50 27 539
50 28 758
50 30 616
50 32 775
50 33 421
50 35 231
50 36 564
50 37 460
50 38 223
50 40 716
50 41 864
50 45 336
50 47 595
50 48 932
50 49 132
50 51 71
50 52 607
50 54 364
50 55 461
50 56 451
50 57 153
50 59 108
50 61 924
50 66 503
50 68 656
50 69 708
50 70 492
50 71 778
50 75 305
50 78 513
50 81 414
50 85 556
50 87 8
50 88 47
50 92 984
50 93 502
50 94 215
50 96 694
50 98 529
50 99 251
51 0 437
51 1 120
51 2 209
51 3 853
51 4 994
51 7 382
51 8 741
51 15 678
51 16 595
51 18 330
51 19 425
51 22 104
51 23 615
51 24 507
51 25 569
51 26 892
51 27 300
51 29 52
51 30 968
51 31 934
51 33 859
51 36 917
51 37 281
51 39 627
51 41 934
51 44 495
51 45 595
51 48 284
51 52 413
51 53 634
51 54 989
51 55 979
51 56 662
51 57 263
51 58 830
51 59 345
51 60 664
51 61 48
51 62 95
51 66 695
51 67 953
51 68 441
51 70 367
51 71 700
51 72 245
51 75 765
51 76 948
51 78 240
51 80 434
51 82 465
51 84 412
51 87 689
51 89 179
51 91 645
51 92 57
51 93 185
51 94 560
51 95 791
51 99 274
52 0 611
52 1 394
52 3 921
52 4 268
52 8 41
52 9 957
52 10 604
52 11 565
52 12 247
52 13 888
52 15 918
52 16 953
52 17 961
52 18 11
52 20 875
52 21 456
52 23 495
52 24 352
52 25 693
52 26 904
52 27 695
52 28 401
52 29 953
52 31 119
52 34 980
52 36 317
52 40 783
52 41 111
52 44 493
52 47 711
52 48 729
52 49 146
52 50 615
52 51 634
52 52 176
52 53 886
52 54 810
52 57 208
52 58 638
52 59 437
52 61 647
52 62 184
52 63 504
52 64 852
52 65 492
52 66 726
52 68 129
52 72 974
52 73 667
52 75 924
52 77 914
52 78 586
52 80 714
52 82 323
52 83 307
52 85 599
52 86 113
52 87 871
52 88 957
52 90 461
52 92 545
52 93 3
52 94 341
52 96 750
52 97 785
52 99 438
53 0 968
53 1 334
53 2 691
53 4 362
53 5 507
53 6 958
53 7 673
53 9 468
53 10 77
53 13 965
53 14 674
53 16 780
53 20 654
53 22 872
53 23 231
53 24 632
53 25 35
53 27 969
53 28 746
53 29 259
53 30 741
53 31 843
53 32 367
53 34 813
53 36 364
53 37 618
53 39 352
53 42 534
53 44 235
53 46 385
53 48 49
53 49 154
53 50 901
53 52 948
53 53 217
53 57 110
53 58 619
53 59 805
53 61 484
53 64 165
53 66 794
53 68 204
53 71 500
53 73 664
53 74 872
53 75 369
53 76 741
53 78 393
53 80 857
53 81 331
53 83 38
53 84 502
53 85 358
53 87 624
53 89 47
53 92 285
53 93 177
53 94 980
53 95 75
53 97 888
53 98 722
53 99 670
54 0 839
54 2 125
54 7 101
54 8 859
54 10 282
54 12 357
54 13 193
54 14 788
54 17 372
54 19 880
54 20 400
54 21 338
54 23 148
54 24 11
54 26 47
54 29 308
54 31 427
54 32 467
54 34 664
54 39 650
54 40 997
54 41 771
54 42 293
54 45 52
54 46 25
54 47 65
54 48 13
54 49 76
54 50 177
54 51 419
54 52 921
54 53 981
54 54 36
54 55 547
54 56 618
54 57 431
54 59 544
54 60 931
54 61 191
54 62 5
54 64 315
54 65 212
54 66 669
54 67 574
54 68 352
54 70 99
54 71 255
54 73 978
54 74 203
54 75 76
54 77 501
54 82 285
54 83 657
54 85 356
54 86 524
54 87 903
54 88 335
54 89 823
54 90 247
54 91 604
54 92 771
54 93 477
54 94 6
54 96 358
54 97 204
54 98 928
54 99 278
55 1 287
55 2 253
55 3 432
55 5 92
55 6 421
55 7 711
55 8 268
55 10 373
55 12 156
55 13 217
55 15 690
55 16 573
55 18 22
55 19 333
55 27 65
55 28 712
55 29 37
55 30 553
55 35 718
55 37 677
55 39 235
55 40 834
55 42 327
55 45 832
55 46 151
55 47 778
55 48 208
55 49 532
55 51 792
55 52 357
55 53 962
55 54 821
55 55 343
55 59 258
55 60 288
55 64 249
55 67 288
55 68 266
55 69 734
55 70 988
55 72 503
55 73 911
55 75 448
55 76 614
55 77 304
55 78 113
55 86 286
55 88 426
55 89 402
55 90 944
55 91 883
55 92 807
55 93 948
55 94 429
55 96 348
55 97 452
56 0 174
56 1 318
56 2 482
56 3 251
56 4 608
56 6 958
56 7 650
56 9 302
56 12 107
56 13 965
56 14 801
56 15 69
56 16 340
56 17 950
56 20 907
56 21 732
56 25 735
56 27 174
56 29 856
56 31 548
56 33 126
56 35 253
56 39 687
56 40 558
56 43 38
56 44 767
56 45 423
56 46 652
56 48 179
56 49 930
56 52 563
56 55 120
56 56 425
56 58 545
56 60 732
56 63 133
56 64 768
56 66 408
56 67 65
56 70 913
56 71 751
56 72 310
56 74 959
56 75 656
56 78 234
56 79 952
56 84 41
56 86 869
56 87 15
56 88 163
56 90 994
56 91 39
56 92 380
56 93 138
56 94 725
56 95 309
56 96 726
56 97 424
56 98 578
56 99 799
57 0 242
57 1 264
57 4 708
57 5 142
57 7 63
57 8 988
57 9 615
57 10 89
57 11 713
57 12 343
57 14 635
57 18 934
57 20 943
57 21 166
57 23 593
57 24 273
57 25 353
57 26 482
57 27 759
57 28 880
57 29 379
57 30 594
57 31 8
57 32 32
57 33 741
57 34 799
57 36 691
57 38 832
57 39 558
57 40 468
57 41 341
57 42 226
57 43 378
57 44 645
57 45 762
57 47 701
57 48 46
57 52 145
57 54 309
57 56 79
57 57 787
57 58 893
57 59 856
57 60 255
57 62 563
57 64 462
57 68 176
57 69 177
57 70 565
57 72 979
57 76 195
57 79 441
57 80 240
57 81 786
57 84 502
57 89 386
57 90 588
57 91 442
57 92 859
57 93 486
57 94 833
57 95 724
57 97 312
57 99 264
58 0 294
58 2 198
58 4 702
58 7 281
58 8 906
58 13 893
58 15 170
58 16 292
58 24 560
58 25 531
58 26 166
58 28 415
58 30 904
58 32 791
58 33 172
58 35 762
58 36 641
58 38 79
58 45 646
58 46 801
58 47 538
58 49 33
58 51 450
58 52 184
58 53 102
58 54 799
58 55 833
58 56 849
58 57 468
58 61 903
58 62 120
58 63 474
58 67 977
58 68 779
58 69 686
58 71 700
58 73 855
58 75 441
58 76 436
58 77 350
58 78 469
58 79 878
58 81 824
58 82 275
58 86 140
58 87 377
58 91 270
58 93 630
58 94 340
58 95 468
58 97 437
58 98 469
58 99 167
59 0 98
59 3 427
59 4 206
59 6 28
59 9 372
59 10 187
59 11 521
59 13 586
59 18 911
59 19 788
59 20 244
59 21 148
59 22 264
59 24 821
59 25 608
59 27 268
59 30 558
59 31 900
59 32 891
59 33 320
59 36 541
59 38 179
59 40 253
59 41 469
59 42 131
59 43 862
59 44 355
59 46 670
59 47 534
59 48 541
59 49 640
59 50 636
59 51 909
59 52 455
59 53 903
59 55 924
59 57 481
59 58 351
59 60 195
59 63 297
59 64 861
59 65 327
59 66 568
59 67 530
59 69 989
59 70 435
59 71 665
59 74 759
59 76 30
59 77 373
59 78 658
59 79 972
59 80 443
59 81 552
59 82 292
59 83 611
59 84 998
59 85 198
59 86 371
59 87 280
59 88 629
59 89 733
59 90 394
59 91 526
59 92 935
59 93 743
59 94 601
59 96 846
59 97 14
59 98 823
60 0 710
60 1 22
60 2 18
60 3 397
60 4 290
60 5 895
60 6 495
60 7 141
60 9 111
60 10 661
60 11 754
60 18 276
60 20 634
60 21 321
60 23 724
60 24 526
60 25 526
60 26 725
60 27 694
60 29 553
60 31 777
60 33 676
60 34 351
60 36 668
60 37 702
60 38 483
60 44 507
60 45 900
60 46 629
60 49 364
60 50 366
60 51 273
60 52 173
60 54 922
60 55 268
60 56 39
60 58 528
60 60 437
60 61 290
60 62 896
60 63 140
60 65 477
60 66 585
60 68 351
60 69 866
60 73 413
60 74 870
60 75 919
60 77 354
60 78 749
60 79 557
60 80 655
60 82 695
60 85 147
60 86 114
60 88 216
60 91 862
60 92 485
60 94 293
60 95 629
60 97 575
60 98 559
60 99 304
61 2 649
61 3 354
61 4 79
61 6 436
61 11 111
61 12 977
61 14 434
61 17 769
61 18 383
61 20 99
61 21 414
61 24 991
61 26 537
61 27 12
61 28 363
61 29 692
61 30 641
61 31 853
61 34 557
61 37 211
61 38 19
61 39 510
61 41 78
61 42 12
61 44 171
61 46 483
61 47 982
61 48 205
61 51 669
61 52 616
61 53 2
61 54 821
61 55 951
61 56 677
61 57 809
61 59 857
61 63 597
61 66 752
61 67 475
61 68 921
61 69 905
61 71 695
61 73 162
61 74 488
61 75 493
61 76 703
61 77 438
61 82 298
61 86 830
61 94 72
61 96 518
61 97 834
61 98 628
62 0 63
62 1 550
62 2 63
62 3 355
62 4 562
62 6 171
62 7 448
62 10 884
62 11 317
62 12 49
62 13 323
62 15 969
62 16 147
62 17 348
62 19 314
62 22 670
62 24 222
62 25 705
62 26 158
62 27 354
62 29 283
62 30 966
62 32 891
62 34 292
62 35 105
62 37 639
62 38 488
62 39 260
62 42 665
62 43 429
62 49 542
62 50 308
62 52 528
62 54 736
62 55 944
62 57 763
62 58 778
62 59 726
62 60 535
62 61 587
62 62 28
62 63 860
62 64 454
62 67 608
62 70 89
62 71 325
62 72 888
62 73 101
62 75 273
62 76 125
62 78 719
62 80 691
62 81 151
62 82 805
62 83 314
62 84 509
62 87 544
62 88 63
62 89 153
62 90 775
62 93 368
62 94 548
62 95 540
62 96 70
62 97 175
63 3 363
63 4 824
63 6 465
63 9 762
63 13 934
63 14 459
63 19 873
63 20 404
63 21 902
63 22 934
63 23 995
63 24 215
63 27 651
63 28 850
63 29 766
63 31 764
63 32 176
63 33 582
63 34 716
63 36 664
63 40 917
63 42 903
63 43 725
63 47 854
63 50 915
63 51 86
63 52 809
63 53 646
63 55 169
63 58 537
63 59 143
63 60 683
63 62 811
63 63 593
63 67 434
63 68 760
63 70 339
63 71 221
63 74 294
63 76 768
63 78 381
63 79 364
63 83 87
63 84 491
63 85 424
63 86 752
63 87 556
63 90 994
63 91 712
63 93 646
63 95 555
63 97 6
63 99 368
64 1 5
64 3 938
64 5 676
64 6 740
64 7 910
64 8 514
64 10 685
64 11 887
64 12 19
64 13 826
64 14 155
64 15 392
64 16 174
64 17 477
64 19 215
64 23 993
64 25 399
64 26 461
64 27 528
64 29 174
64 30 46
64 32 724
64 33 210
64 34 587
64 35 632
64 37 43
64 38 658
64 41 905
64 42 811
64 43 244
64 46 2
64 47 686
64 48 332
64 50 47
64 52 584
64 54 779
64 55 197
64 56 714
64 58 705
64 60 692
64 61 724
64 62 625
64 63 266
64 66 461
64 67 628
64 68 294
64 69 139
64 70 788
64 71 180
64 72 131
64 74 878
64 77 88
64 78 147
64 79 23
64 82 147
64 83 999
64 84 350
64 85 281
64 88 933
64 89 965
64 90 661
64 92 301
64 93 912
64 94 86
64 95 476
64 98 480
64 99 159
65 0 613
65 1 869
65 5 770
65 6 411
65 7 729
65 9 201
65 10 64
65 15 286
65 20 844
65 21 858
65 23 987
65 25 515
65 27 461
65 28 23
65 29 690
65 30 209
65 31 280
65 34 214
65 35 753
65 36 977
65 40 777
65 41 840
65 42 498
65 43 44
65 44 363
65 46 736
65 47 104
65 49 128
65 50 853
65 51 588
65 52 765
65 53 763
65 57 5
65 59 811
65 60 366
65 65 759
65 66 579
65 67 855
65 68 356
65 69 947
65 72 794
65 73 187
65 76 845
65 77 218
65 78 566
65 79 566
65 80 47
65 81 697
65 83 169
65 84 758
65 85 479
65 87 381
65 89 900
65 90 637
65 91 291
65 94 785
65 96 421
65 99 918
66 0 126
66 3 890
66 4 910
66 6 503
66 8 390
66 9 8
66 10 614
66 11 889
66 13 807
66 14 731
66 15 876
66 16 903
66 18 185
66 19 745
66 20 844
66 21 532
66 22 618
66 24 341
66 25 552
66 26 159
66 27 397
66 28 543
66 29 300
66 30 225
66 31 830
66 33 71
66 35 71
66 38 781
66 40 516
66 41 540
66 42 543
66 45 586
66 48 413
66 49 0
66 51 609
66 52 504
66 53 820
66 54 287
66 55 723
66 56 748
66 59 17
66 61 890
66 63 617
66 65 436
66 66 291
66 67 415
66 68 44
66 70 455
66 71 89
66 72 845
66 74 144
66 75 230
66 76 677
66 77 121
66 80 965
66 81 993
66 82 830
66 83 514
66 85 969
66 89 197
66 93 563
66 96 781
66 97 784
66 98 392
66 99 434
67 1 812
67 5 153
67 7 609
67 10 254
67 11 746
67 12 837
67 14 906
67 15 625
67 16 631
67 17 851
67 19 869
67 20 368
67 22 959
67 23 779
67 27 907
67 28 895
67 29 925
67 31 583
67 32 419
67 34 72
67 35 683
67 36 774
67 37 619
67 38 557
67 39 97
67 40 750
67 41 224
67 42 57
67 43 633
67 44 178
67 45 816
67 46 203
67 47 886
67 49 93
67 51 624
67 52 202
67 54 293
67 55 745
67 58 182
67 61 538
67 64 37
67 65 822
67 66 661
67 68 127
67 69 204
67 72 905
67 73 639
67 74 915
67 75 327
67 76 532
67 77 912
67 78 485
67 80 156
67 81 776
67 82 28
67 84 28
67 87 372
67 89 638
67 90 529
67 92 137
67 93 378
67 94 864
67 95 362
67 96 246
67 97 268
67 98 229
67 99 941
68 1 887
68 2 824
68 4 887
68 6 537
68 7 365
68 9 802
68 11 118
68 12 26
68 15 642
68 16 716
68 17 750
68 18 794
68 19 224
68 20 432
68 21 20
68 22 680
68 25 84
68 26 186
68 28 898
68 31 987
68 32 747
68 35 771
68 36 872
68 37 636
68 39 552
68 43 79
68 44 375
68 46 681
68 47 847
68 48 407
68 49 999
68 50 707
68 51 533
68 52 23
68 55 144
68 56 118
68 57 371
68 59 200
68 60 402
68 61 772
68 62 219
68 64 43
68 65 81
68 66 633
68 68 920
68 69 91
68 70 664
68 71 255
68 72 252
68 73 317
68 74 785
68 76 48
68 77 407
68 79 871
68 83 63
68 84 898
68 85 591
68 86 374
68 87 992
68 88 123
68 90 421
68 91 216
68 93 650
68 97 671
68 98 957
69 0 450
69 1 165
69 4 169
69 5 498
69 7 18
69 8 104
69 9 879
69 10 101
69 11 146
69 12 135
69 13 244
69 16 525
69 18 692
69 20 811
69 24 32
69 25 147
69 26 615
69 28 441
69 29 303
69 32 912
69 33 846
69 35 929
69 38 110
69 40 758
69 41 233
69 42 979
69 43 802
69 44 470
69 45 194
69 46 69
69 47 971
69 48 100
69 49 159
69 50 662
69 51 953
69 52 977
69 55 285
69 57 233
69 58 201
69 59 377
69 61 956
69 62 637
69 64 503
69 65 571
69 66 583
69 67 867
69 68 255
69 69 298
69 70 275
69 71 488
69 73 208
69 74 959
69 75 422
69 76 262
69 78 141
69 79 715
69 80 913
69 81 875
69 82 62
69 83 254
69 84 966
69 86 145
69 87 406
69 91 319
69 92 572
69 95 53
69 96 274
69 98 263
69 99 378
70 0 15
70 2 263
70 3 356
70 4 173
70 5 540
70 9 152
70 10 108
70 11 401
70 12 511
70 13 201
70 15 400
70 16 964
70 26 337
70 27 404
70 30 284
70 31 256
70 33 597
70 34 515
70 35 516
70 36 842
70 37 58
70 38 515
70 39 727
70 41 49
70 42 59
70 45 852
70 48 236
70 50 749
70 52 232
70 54 869
70 56 106
70 57 603
70 58 444
70 59 246
70 60 496
70 61 597
70 63 884
70 64 61
70 65 244
70 66 450
70 67 458
70 68 781
70 69 537
70 70 957
70 72 360
70 75 436
70 76 970
70 77 252
70 78 591
70 81 382
70 82 456
70 84 866
70 85 854
70 86 102
70 88 665
70 89 818
70 93 688
70 94 648
70 96 712
70 97 691
70 98 577
70 99 530
71 0 254
71 1 87
71 2 610
71 4 749
71 6 68
71 7 786
71 10 7
71 14 633
71 17 364
71 18 541
71 19 861
71 20 59
71 21 213
71 23 505
71 24 122
71 25 766
71 26 182
71 27 631
71 28 355
71 30 438
71 31 753
71 33 454
71 34 790
71 35 159
71 36 998
71 40 364
71 43 128
71 44 923
71 46 698
71 47 260
71 48 491
71 49 511
71 50 200
71 51 584
71 52 441
71 53 425
71 54 647
71 57 439
71 58 173
71 59 272
71 60 883
71 63 179
71 64 535
71 66 647
71 69 848
71 70 378
71 71 839
71 72 613
71 74 509
71 78 527
71 80 954
71 81 201
71 82 865
71 84 255
71 85 311
71 87 491
71 88 853
71 89 152
71 90 63
71 92 464
71 94 616
71 95 621
71 96 83
71 97 526
71 99 465
72 1 791
72 4 165
72 7 953
72 9 738
72 10 697
72 14 495
72 19 179
72 23 903
72 27 440
72 28 739
72 29 215
72 31 708
72 33 759
72 34 178
72 37 717
72 39 483
72 40 568
72 43 669
72 44 363
72 47 211
72 48 889
72 50 373
72 51 303
72 54 605
72 56 847
72 57 235
72 58 749
72 59 887
72 62 867
72 64 38
72 66 986
72 67 166
72 68 348
72 71 58
72 73 169
72 74 254
72 80 878
72 81 49
72 82 832
72 83 346
72 85 112
72 86 425
72 87 745
72 90 275
72 93 345
72 95 488
72 96 840
72 98 246
73 0 354
73 3 814
73 4 726
73 5 492
73 7 499
73 9 794
73 11 900
73 12 767
73 13 563
73 14 877
73 15 897
73 16 420
73 17 604
73 18 87
73 19 800
73 20 301
73 21 951
73 22 800
73 23 612
73 24 240
73 28 261
73 29 98
73 34 894
73 36 478
73 37 697
73 38 70
73 41 889
73 42 212
73 43 73
73 44 348
73 45 787
73 46 59
73 51 361
73 53 440
73 54 196
73 57 544
73 60 805
73 61 526
73 63 545
73 64 790
73 66 902
73 67 210
73 70 820
73 72 884
73 74 947
73 76 285
73 79 446
73 81 357
73 82 955
73 85 327
73 86 22
73 89 107
73 90 279
73 91 583
73 94 348
73 95 13
73 96 192
73 99 967
74 0 958
74 1 101
74 2 842
74 3 832
74 4 469
74 5 521
74 8 890
74 13 220
74 14 375
74 16 116
74 17 7
74 21 658
74 25 531
74 27 859
74 28 13
74 29 951
74 30 879
74 31 13
74 32 919
74 35 405
74 36 835
74 37 962
74 42 357
74 43 220
74 44 216
74 45 812
74 46 717
74 47 130
74 48 370
74 49 701
74 51 70
74 53 571
74 55 628
74 56 864
74 57 95
74 58 421
74 60 725
74 61 496
74 62 331
74 64 263
74 65 703
74 66 277
74 67 263
74 68 594
74 73 428
74 74 49
74 75 944
74 76 589
74 77 845
74 78 782
74 79 766
74 83 970
74 84 852
74 89 980
74 90 587
74 92 362
74 93 546
74 94 923
74 96 497
74 98 974
75 1 377
75 3 904
75 4 293
75 5 148
75 7 576
75 8 476
75 9 77
75 10 915
75 11 912
75 15 409
75 19 772
75 22 113
75 23 173
75 24 446
75 26 458
75 28 49
75 29 71
75 30 440
75 31 301
75 32 957
75 33 671
75 34 119
75 35 726
75 39 882
75 40 534
75 44 473
75 45 385
75 46 658
75 47 225
75 48 301
75 49 908
75 50 692
75 51 288
75 52 892
75 53 88
75 55 133
75 56 739
75 57 646
75 59 497
75 62 214
75 63 573
75 66 774
75 67 849
75 68 144
75 70 458
75 71 241
75 72 457
75 73 319
75 76 761
75 77 354
75 78 757
75 79 557
75 81 176
75 85 638
75 88 41
75 89 793
75 90 939
75 91 514
75 92 999
75 93 459
75 94 787
75 99 456
76 1 590
76 2 952
76 3 176
76 4 865
76 5 689
76 6 19
76 7 268
76 10 757
76 12 453
76 13 196
76 16 323
76 18 174
76 19 791
76 20 4
76 21 556
76 25 888
76 26 432
76 27 630
76 28 29
76 31 451
76 33 934
76 34 924
76 35 356
76 36 848
76 38 838
76 41 254
76 42 939
76 43 964
76 44 71
76 48 701
76 50 410
76 51 539
76 52 256
76 53 764
76 57 303
76 60 311
76 61 195
76 62 253
76 65 384
76 67 922
76 70 720
76 72 959
76 73 7
76 76 17
76 77 334
76 78 495
76 79 624
76 80 876
76 81 613
76 85 257
76 86 616
76 87 458
76 89 226
76 91 113
76 92 520
76 95 898
76 98 644
76 99 971
77 2 153
77 3 246
77 4 84
77 6 82
77 8 226
77 9 779
77 10 329
77 14 455
77 18 228
77 20 183
77 21 934
77 22 884
77 23 269
77 24 124
77 25 242
77 28 975
77 31 639
77 32 571
77 34 643
77 35 348
77 37 711
77 38 268
77 39 493
77 41 374
77 42 248
77 46 226
77 47 329
77 49 998
77 53 393
77 54 870
77 56 966
77 57 702
77 58 942
77 60 241
77 61 320
77 62 167
77 63 42
77 64 396
77 65 668
77 66 399
77 71 915
77 72 289
77 73 395
77 74 358
77 75 683
77 77 259
77 79 465
77 80 63
77 82 940
77 83 397
77 86 633
77 89 848
77 90 661
77 93 795
77 94 192
77 96 965
77 97 546
77 98 258
77 99 504
78 2 848
78 4 676
78 5 193
78 6 710
78 8 329
78 9 295
78 10 452
78 11 932
78 12 318
78 14 98
78 15 106
78 16 717
78 17 375
78 19 127
78 20 119
78 21 152
78 22 515
78 24 634
78 25 440
78 26 279
78 27 856
78 28 638
78 30 818
78 31 805
78 35 178
78 36 789
78 38 234
78 41 427
78 42 789
78 45 678
78 46 832
78 47 381
78 48 143
78 49 70
78 50 599
78 51 295
78 52 421
78 54 338
78 55 188
78 57 509
78 58 321
78 59 596
78 61 855
78 63 931
78 64 67
78 66 55
78 67 349
78 70 534
78 71 673
78 72 528
78 74 586
78 75 180
78 76 473
78 78 610
78 79 601
78 81 286
78 84 617
78 85 718
78 87 927
78 89 331
78 90 966
78 94 592
78 95 842
78 97 840
78 98 115
78 99 40
79 0 633
79 1 863
79 2 283
79 5 676
79 6 981
79 7 930
79 8 833
79 11 702
79 14 965
79 15 446
79 16 678
79 17 973
79 18 668
79 19 616
79 20 769
79 23 269
79 24 861
79 25 953
79 26 311
79 27 479
79 28 980
79 31 958
79 33 594
79 34 904
79 35 128
79 37 365
79 41 363
79 43 399
79 44 231
79 45 958
79 46 155
79 49 905
79 51 548
79 53 411
79 54 801
79 55 599
79 56 711
79 60 59
79 61 280
79 62 357
79 64 722
79 65 860
79 67 784
79 68 152
79 74 938
79 75 212
79 76 807
79 77 465
79 78 869
79 82 337
79 83 124
79 84 282
79 86 542
79 87 299
79 88 768
79 91 482
79 92 79
79 94 890
79 96 292
79 97 340
79 98 251
79 99 616
80 1 400
80 3 826
80 4 827
80 5 785
80 7 441
80 8 252
80 9 377
80 11 269
80 13 895
80 14 302
80 16 873
80 17 742
80 18 233
80 19 600
80 21 372
80 24 451
80 25 795
80 26 136
80 32 923
80 33 412
80 34 764
80 38 192
80 39 951
80 41 154
80 42 282
80 43 575
80 47 178
80 50 240
80 51 136
80 52 75
80 53 117
80 54 449
80 55 380
80 56 587
80 57 155
80 59 233
80 61 984
80 63 627
80 64 553
80 65 47
80 66 32
80 68 438
80 69 284
80 73 195
80 74 607
80 75 815
80 77 310
80 78 124
80 79 464
80 80 588
80 81 205
80 82 39
80 83 730
80 84 380
80 86 573
80 89 130
80 90 529
80 93 428
80 95 981
80 96 882
80 98 842
80 99 658
81 0 67
81 1 329
81 3 142
81 4 423
81 5 60
81 6 140
81 7 423
81 8 75
81 9 918
81 10 222
81 11 442
81 12 836
81 13 446
81 14 981
81 15 311
81 20 545
81 22 60
81 25 339
81 27 122
81 28 740
81 31 57
81 32 215
81 35 276
81 36 141
81 37 468
81 38 85
81 39 388
81 41 10
81 42 682
81 43 677
81 45 468
81 49 3
81 51 589
81 52 206
81 53 610
81 55 653
81 58 552
81 60 29
81 62 804
81 63 908
81 65 514
81 67 198
81 68 272
81 70 935
81 72 347
81 73 374
81 76 259
81 78 65
81 81 660
81 82 754
81 84 702
81 85 272
81 86 121
81 87 507
81 88 87
81 89 319
81 93 303
81 95 831
81 97 836
81 98 23
81 99 195
82 1 895
82 6 582
82 8 164
82 9 696
82 11 451
82 12 195
82 14 668
82 15 493
82 16 134
82 17 617
82 18 567
82 20 940
82 22 515
82 26 183
82 29 298
82 30 644
82 31 414
82 32 655
82 34 634
82 37 137
82 38 165
82 41 173
82 42 369
82 46 572
82 47 42
82 50 288
82 52 81
82 56 881
82 57 464
82 58 258
82 59 895
82 61 716
82 62 49
82 63 87
82 64 854
82 68 664
82 71 699
82 73 713
82 75 689
82 76 751
82 77 734
82 78 194
82 81 563
82 83 630
82 84 874
82 85 114
82 89 19
82 90 956
82 91 362
82 92 178
82 93 105
82 95 226
82 96 452
82 98 429
82 99 152
83 0 970
83 1 832
83 3 525
83 6 794
83 7 195
83 9 603
83 12 505
83 17 966
83 19 723
83 21 594
83 22 540
83 23 583
83 24 981
83 25 594
83 27 230
83 28 21
83 30 400
83 33 607
83 34 250
83 35 513
83 37 879
83 38 808
83 39 313
83 40 408
83 42 966
83 44 244
83 45 332
83 47 820
83 48 720
83 49 307
83 50 360
83 53 857
83 54 914
83 55 530
83 57 389
83 58 978
83 60 789
83 63 550
83 64 818
83 66 15
83 68 961
83 71 691
83 73 752
83 75 19
83 76 717
83 81 823
83 82 961
83 83 239
83 84 734
83 85 789
83 89 781
83 90 563
83 91 505
83 94 909
83 96 146
83 97 189
83 98 730
83 99 70
84 0 991
84 3 555
84 4 934
84 6 708
84 7 813
84 8 914
84 9 509
84 11 392
84 12 244
84 13 320
84 14 662
84 15 155
84 16 485
84 19 439
84 21 655
84 24 50
84 26 390
84 28 632
84 29 444
84 30 869
84 31 559
84 32 227
84 33 372
84 34 63
84 36 587
84 37 566
84 38 140
84 39 571
84 40 27
84 42 713
84 43 36
84 44 320
84 45 802
84 48 55
84 50 529
84 51 741
84 53 199
84 54 745
84 55 511
84 57 640
84 59 513
84 60 344
84 66 748
84 67 399
84 68 804
84 69 350
84 70 53
84 71 46
84 72 41
84 75 759
84 77 429
84 78 833
84 79 886
84 81 886
84 83 339
84 84 545
84 85 622
84 87 149
84 91 722
84 93 891
84 94 31
84 96 112
84 97 200
85 2 476
85 3 186
85 4 373
85 5 102
85 6 810
85 8 863
85 9 375
85 10 797
85 13 421
85 14 843
85 15 14
85 17 13
85 19 568
85 20 854
85 24 533
85 25 421
85 29 808
85 30 526
85 35 794
85 36 102
85 37 945
85 40 265
85 41 698
85 42 999
85 43 320
85 44 762
85 46 532
85 47 521
85 49 361
85 50 741
85 51 645
85 52 35
85 53 275
85 54 692
85 55 119
85 57 717
85 62 534
85 64 237
85 70 840
85 73 972
85 76 39
85 77 507
85 79 283
85 82 525
85 86 458
85 87 623
85 88 902
85 90 140
85 91 406
85 94 114
85 97 372
85 98 134
85 99 94
86 1 88
86 2 799
86 3 759
86 4 27
86 5 684
86 7 717
86 8 379
86 9 37
86 11 148
86 15 539
86 18 134
86 20 248
86 21 587
86 22 684
86 23 978
86 24 362
86 26 599
86 27 761
86 29 187
86 30 188
86 34 516
86 36 370
86 38 430
86 41 773
86 44 805
86 46 242
86 47 44
86 49 310
86 50 661
86 51 278
86 53 253
86 54 852
86 55 855
86 56 828
86 58 795
86 59 83
86 60 531
86 61 203
86 62 528
86 63 874
86 64 144
86 66 837
86 67 886
86 68 387
86 71 835
86 72 418
86 79 218
86 81 490
86 82 717
86 83 296
86 84 574
86 86 275
86 88 29
86 91 998
86 92 571
86 97 653
86 98 30
87 2 615
87 3 650
87 5 153
87 6 345
87 7 654
87 8 227
87 9 179
87 10 403
87 11 271
87 13 804
87 14 296
87 18 84
87 20 320
87 21 616
87 22 594
87 24 443
87 25 964
87 26 823
87 27 629
87 28 957
87 29 72
87 31 423
87 33 145
87 34 140
87 36 367
87 38 700
87 40 627
87 41 790
87 43 776
87 44 563
87 47 264
87 49 560
87 50 921
87 51 341
87 52 583
87 54 879
87 55 609
87 56 71
87 57 274
87 58 199
87 61 164
87 62 309
87 64 858
87 65 376
87 66 642
87 67 579
87 68 99
87 70 88
87 72 853
87 73 616
87 74 961
87 75 833
87 76 847
87 77 350
87 78 924
87 80 399
87 81 568
87 82 385
87 85 140
87 89 438
87 90 998
87 91 995
87 92 264
87 93 530
87 95 800
87 97 642
87 99 504
88 0 285
88 2 761
88 4 911
88 5 230
88 6 946
88 7 493
88 8 306
88 9 286
88 10 326
88 12 945
88 13 691
88 14 613
88 15 730
88 16 669
88 17 352
88 18 119
88 19 653
88 20 570
88 22 971
88 23 501
88 25 461
88 26 162
88 27 146
88 28 550
88 30 386
88 31 38
88 37 866
88 39 748
88 40 471
88 42 597
88 43 698
88 46 118
88 50 571
88 51 74
88 53 423
88 54 63
88 56 625
88 57 130
88 58 475
88 59 764
88 61 499
88 62 286
88 63 560
88 67 771
88 68 60
88 71 34
88 72 303
88 76 244
88 77 232
88 78 879
88 79 378
88 81 606
88 82 192
88 87 48
88 88 435
88 89 994
88 91 48
88 92 758
88 94 351
88 96 680
88 97 824
88 98 283
88 99 21
89 0 973
89 1 76
89 3 857
89 9 792
89 15 316
89 16 338
89 17 543
89 18 676
89 21 492
89 23 544
89 24 815
89 25 953
89 26 909
89 29 518
89 30 293
89 31 488
89 32 691
89 34 752
89 36 811
89 37 91
89 38 505
89 39 434
89 41 250
89 43 599
89 44 18
89 46 805
89 47 613
89 48 271
89 52 692
89 54 79
89 56 246
89 58 168
89 61 735
89 64 686
89 65 146
89 69 47
89 72 437
89 73 128
89 74 702
89 75 327
89 77 861
89 78 59
89 79 31
89 80 412
89 81 198
89 82 648
89 83 434
89 85 374
89 86 695
89 87 156
89 88 435
89 89 161
89 90 983
89 92 382
89 93 914
89 98 508
89 99 273
90 3 633
90 4 723
90 5 584
90 6 135
90 7 912
90 8 829
90 9 311
90 11 83
90 12 436
90 13 548
90 14 836
90 15 379
90 16 854
90 18 164
90 19 503
90 23 174
90 24 482
90 26 814
90 29 980
90 33 540
90 37 856
90 38 651
90 39 670
90 42 210
90 43 502
90 44 27
90 45 14
90 47 125
90 48 627
90 50 218
90 51 279
90 53 537
90 54 986
90 56 791
90 58 540
90 60 742
90 61 606
90 64 795
90 65 900
90 68 384
90 69 266
90 71 817
90 72 178
90 73 40
90 74 330
90 75 391
90 79 453
90 80 514
90 81 683
90 85 462
90 87 873
90 90 64
90 91 244
90 94 561
90 95 262
90 96 159
90 98 723
91 0 724
91 1 501
91 2 212
91 4 270
91 5 973
91 7 964
91 8 581
91 9 355
91 10 509
91 12 157
91 17 336
91 21 919
91 24 863
91 25 743
91 26 371
91 27 470
91 29 247
91 32 910
91 36 727
91 41 162
91 42 836
91 43 641
91 44 883
91 46 351
91 47 806
91 48 251
91 50 847
91 53 458
91 54 996
91 55 72
91 56 14
91 57 44
91 58 439
91 59 697
91 60 653
91 61 157
91 62 888
91 64 700
91 65 32
91 66 718
91 68 161
91 70 277
91 72 765
91 73 739
91 74 537
91 75 545
91 76 140
91 77 588
91 79 795
91 80 77
91 81 947
91 82 428
91 83 940
91 84 305
91 86 20
91 87 13
91 89 927
91 90 834
91 91 883
91 92 937
91 93 986
91 95 168
91 97 87
91 98 423
91 99 994
92 0 131
92 6 719
92 7 519
92 11 761
92 12 622
92 15 112
92 16 277
92 18 58
92 22 268
92 23 102
92 24 292
92 25 236
92 26 87
92 28 412
92 30 825
92 31 181
92 37 393
92 39 371
92 42 160
92 47 833
92 48 268
92 49 162
92 50 236
92 51 144
92 53 436
92 54 284
92 57 919
92 59 251
92 60 880
92 61 571
92 62 73
92 63 741
92 65 544
92 66 507
92 67 893
92 68 628
92 70 683
92 71 343
92 72 866
92 74 615
92 76 33
92 77 234
92 78 753
92 79 909
92 80 529
92 84 459
92 85 562
92 86 990
92 87 671
92 88 4
92 89 526
92 91 658
92 94 146
92 95 23
92 96 256
92 97 357
92 98 157
92 99 910
93 1 921
93 2 106
93 3 802
93 4 820
93 5 882
93 8 781
93 9 210
93 11 512
93 13 995
93 14 417
93 15 547
93 18 513
93 22 817
93 23 104
93 26 218
93 27 490
93 29 572
93 30 463
93 31 420
93 32 426
93 34 726
93 35 235
93 37 978
93 38 959
93 40 466
93 43 276
93 45 221
93 48 464
93 49 839
93 52 858
93 55 717
93 57 147
93 60 694
93 61 264
93 64 747
93 65 308
93 68 60
93 69 574
93 70 695
93 72 784
93 73 335
93 77 552
93 80 742
93 81 432
93 84 130
93 88 922
93 89 105
93 90 628
93 93 863
93 96 355
93 98 288
93 99 679
94 0 967
94 1 638
94 2 94
94 3 83
94 5 486
94 6 731
94 8 371
94 9 800
94 12 219
94 13 814
94 14 943
94 16 469
94 19 493
94 22 849
94 25 642
94 26 59
94 27 639
94 28 708
94 29 909
94 31 397
94 32 125
94 34 597
94 35 956
94 36 950
94 37 221
94 39 186
94 40 747
94 41 284
94 43 736
94 44 14
94 45 65
94 47 934
94 49 92
94 50 598
94 51 538
94 52 482
94 59 673
94 61 905
94 62 907
94 64 206
94 65 785
94 66 134
94 67 450
94 69 53
94 71 10
94 72 849
94 74 301
94 77 254
94 78 608
94 80 873
94 81 617
94 83 766
94 85 403
94 86 443
94 88 373
94 91 113
94 93 104
94 96 310
94 97 673
95 0 421
95 1 12
95 2 181
95 3 836
95 4 206
95 5 868
95 7 619
95 9 800
95 10 499
95 11 355
95 13 637
95 15 798
95 16 773
95 19 13
95 22 461
95 23 374
95 24 772
95 28 732
95 29 141
95 30 482
95 32 16
95 33 449
95 34 45
95 35 111
95 36 202
95 37 167
95 38 330
95 42 281
95 43 249
95 44 737
95 45 818
95 48 370
95 49 987
95 50 139
95 52 123
95 54 680
95 55 55
95 56 332
95 58 765
95 59 835
95 61 585
95 62 58
95 63 261
95 65 930
95 66 27
95 67 291
95 68 751
95 69 40
95 70 795
95 75 175
95 76 245
95 78 490
95 79 583
95 80 712
95 81 212
95 83 792
95 85 449
95 89 336
95 90 712
95 91 974
95 93 738
95 94 656
95 95 746
95 97 761
95 98 527
96 1 231
96 3 967
96 5 889
96 6 543
96 9 115
96 10 380
96 11 56
96 13 811
96 14 941
96 15 442
96 16 710
96 19 114
96 20 784
96 21 556
96 23 384
96 24 749
96 25 671
96 26 866
96 29 838
96 30 660
96 33 597
96 35 183
96 36 693
96 37 948
96 38 773
96 40 482
96 42 141
96 44 488
96 45 560
96 46 738
96 49 359
96 52 338
96 53 879
96 54 413
96 55 953
96 58 665
96 60 802
96 61 58
96 63 396
96 64 170
96 66 606
96 68 892
96 70 788
96 71 100
96 73 50
96 74 83
96 76 731
96 77 920
96 78 70
96 79 778
96 80 417
96 82 736
96 83 761
96 84 810
96 85 367
96 86 506
96 88 266
96 90 189
96 91 129
96 92 340
96 93 662
96 95 542
96 96 11
96 97 382
96 98 981
96 99 886
97 0 139
97 1 861
97 2 926
97 3 666
97 4 687
97 5 107
97 6 923
97 8 913
97 10 927
97 11 707
97 13 425
97 16 301
97 18 839
97 20 203
97 23 623
97 24 995
97 26 629
97 30 803
97 32 646
97 42 512
97 44 571
97 46 798
97 49 46
97 52 307
97 54 454
97 55 597
97 58 129
97 59 843
97 60 281
97 61 170
97 63 303
97 64 160
97 66 608
97 67 788
97 68 336
97 69 378
97 70 140
97 73 171
97 75 597
97 76 748
97 77 431
97 81 326
97 82 742
97 83 872
97 84 13
97 86 152
97 91 195
97 93 60
97 94 404
97 96 661
97 97 993
97 98 114
97 99 630
98 0 569
98 4 100
98 6 623
98 10 84
98 11 712
98 12 717
98 14 899
98 15 719
98 18 439
98 19 941
98 20 964
98 21 955
98 23 30
98 24 821
98 25 591
98 26 159
98 27 797
98 30 205
98 34 368
98 37 897
98 38 404
98 39 441
98 40 503
98 41 38
98 43 679
98 44 503
98 45 183
98 49 866
98 50 577
98 51 357
98 52 97
98 53 420
98 55 124
98 56 602
98 59 275
98 61 310
98 62 156
98 64 134
98 65 61
98 67 911
98 68 411
98 69 509
98 70 838
98 71 28
98 74 145
98 76 62
98 77 539
98 78 686
98 79 28
98 81 284
98 85 643
98 86 980
98 89 914
98 91 918
98 92 87
98 93 813
98 94 830
98 95 423
98 96 885
99 0 409
99 3 638
99 4 510
99 5 225
99 6 49
99 10 244
99 12 788
99 14 140
99 17 620
99 18 495
99 19 352
99 22 18
99 23 715
99 26 912
99 28 598
99 29 969
99 32 479
99 35 333
99 36 363
99 38 450
99 39 942
99 42 671
99 44 718
99 45 326
99 46 973
99 47 957
99 48 13
99 50 280
99 51 78
99 52 18
99 55 245
99 56 588
99 57 109
99 58 200
99 62 296
99 63 629
99 64 690
99 65 250
99 66 744
99 67 950
99 71 348
99 72 86
99 73 910
99 76 261
99 77 393
99 78 293
99 79 40
99 80 859
99 81 977
99 82 498
99 84 266
99 86 698
99 87 584
99 88 904
99 90 765
99 92 562
99 99 413
