100 8100
0 0 175
0 1 914
0 2 574
0 4 313
0 5 573
0 7 850
0 9 593
0 10 152
0 11 360
0 12 58
0 14 205
0 16 945
0 17 422
0 18 659
0 19 671
0 20 825
0 23 762
0 24 39
0 25 511
0 26 595
0 28 177
0 29 191
0 30 838
0 31 738
0 33 947
0 34 912
0 35 512
0 36 16
0 37 917
0 38 279
0 39 506
0 40 0
0 41 908
0 42 418
0 43 251
0 46 470
0 48 3
0 49 467
0 51 388
0 52 288
0 53 263
0 54 633
0 55 166
0 56 184
0 57 873
0 58 790
0 59 165
0 60 199
0 62 302
0 65 153
0 67 972
0 68 445
0 69 157
0 70 311
0 71 272
0 72 907
0 76 425
0 77 642
0 78 241
0 79 947
0 80 882
0 81 713
0 82 644
0 84 323
0 85 668
0 86 325
0 87 416
0 88 409
0 89 22
0 90 105
0 91 912
0 92 793
0 93 636
0 94 358
0 96 536
0 97 930
0 99 363
1 0 412
1 3 20
1 4 760
1 5 877
1 6 356
1 7 393
1 10 116
1 12 932
1 13 203
1 14 674
1 15 15
1 17 930
1 18 356
1 19 469
1 20 872
1 21 778
1 24 310
1 25 107
1 26 535
1 28 629
1 29 327
1 30 204
1 33 645
1 34 347
1 35 837
1 36 419
1 37 359
1 38 918
1 39 195
1 40 221
1 41 220
1 42 273
1 43 458
1 44 52
1 45 450
1 46 774
1 47 39
1 48 809
1 51 450
1 53 236
1 54 598
1 58 402
1 60 517
1 61 838
1 62 953
1 63 544
1 64 986
1 65 941
1 66 386
1 67 952
1 68 516
1 69 836
1 70 134
1 71 468
1 72 644
1 74 293
1 77 873
1 78 466
1 79 733
1 80 39
1 81 823
1 82 38
1 83 980
1 84 428
1 85 356
1 86 483
1 88 324
1 89 92
1 90 925
1 91 694
1 92 188
1 93 769
1 95 303
1 96 840
1 98 147
1 99 619
2 0 406
2 1 628
2 2 179
2 3 87
2 4 70
2 5 144
2 6 17
2 7 322
2 8 762
2 10 172
2 12 635
2 13 346
2 14 465
2 15 292
2 16 237
2 17 922
2 18 257
2 20 362
2 21 189
2 22 894
2 23 511
2 24 588
2 25 965
2 26 515
2 27 455
2 28 661
2 29 306
2 31 312
2 33 385
2 34 404
2 35 565
2 37 775
2 38 556
2 39 131
2 40 878
2 41 609
2 43 569
2 44 214
2 46 78
2 47 265
2 48 464
2 49 888
2 50 308
2 51 914
2 52 675
2 53 250
2 54 869
2 55 761
2 56 901
2 57 878
2 59 892
2 61 626
2 62 396
2 63 326
2 64 130
2 65 636
2 66 694
2 67 973
2 68 748
2 70 768
2 71 457
2 73 85
2 74 339
2 75 157
2 76 159
2 77 793
2 78 824
2 80 38
2 81 37
2 82 543
2 84 892
2 86 619
2 88 221
2 89 298
2 90 330
2 91 752
2 92 104
2 93 899
2 94 730
2 95 65
2 96 300
2 97 696
2 99 776
3 0 178
3 1 814
3 2 249
3 3 669
3 4 902
3 7 824
3 10 306
3 11 691
3 12 625
3 13 720
3 14 399
3 15 826
3 17 869
3 18 945
3 19 780
3 20 167
3 21 756
3 23 86
3 24 223
3 25 930
3 27 840
3 28 602
3 31 838
3 32 265
3 33 619
3 34 353
3 35 431
3 36 544
3 37 983
3 38 988
3 40 408
3 41 991
3 42 325
3 43 818
3 44 750
3 45 958
3 46 119
3 51 354
3 52 645
3 53 29
3 54 845
3 55 581
3 58 614
3 59 672
3 60 762
3 61 845
3 62 68
3 64 473
3 65 597
3 67 509
3 68 565
3 70 669
3 71 246
3 72 896
3 73 439
3 74 78
3 75 173
3 76 439
3 77 106
3 78 676
3 82 711
3 83 366
3 84 654
3 85 173
3 86 924
3 87 144
3 88 739
3 90 971
3 91 461
3 92 541
3 94 710
3 95 19
3 99 596
4 0 370
4 1 228
4 2 968
4 3 893
4 5 369
4 6 860
4 7 210
4 8 77
4 9 426
4 10 615
4 11 436
4 12 99
4 13 632
4 15 689
4 16 355
4 17 77
4 18 984
4 20 747
4 21 497
4 22 980
4 23 897
4 25 689
4 26 386
4 27 608
4 28 948
4 29 493
4 30 719
4 31 520
4 33 259
4 34 90
4 35 482
4 37 949
4 38 959
4 40 771
4 41 962
4 42 714
4 43 464
4 44 471
4 45 199
4 46 742
4 47 3
4 49 352
4 50 619
4 52 227
4 53 918
4 55 10
4 56 289
4 57 723
4 58 617
4 59 255
4 60 143
4 61 234
4 62 173
4 63 76
4 64 500
4 65 7
4 66 776
4 68 820
4 69 609
4 70 606
4 72 302
4 73 843
4 76 2
4 77 81
4 78 427
4 80 688
4 81 510
4 82 155
4 83 10
4 84 975
4 85 967
4 87 52
4 88 183
4 89 948
4 90 814
4 91 361
4 92 11
4 95 122
4 96 629
4 98 104
4 99 928
5 0 736
5 1 666
5 2 45
5 3 483
5 4 327
5 7 856
5 8 770
5 9 226
5 10 192
5 11 735
5 12 423
5 13 805
5 14 207
5 15 366
5 16 708
5 17 667
5 21 616
5 22 26
5 23 31
5 24 830
5 25 207
5 26 7
5 27 88
5 28 306
5 29 941
5 30 107
5 32 876
5 33 301
5 35 228
5 36 375
5 37 488
5 38 442
5 40 608
5 41 291
5 42 687
5 43 770
5 44 485
5 45 566
5 46 659
5 47 443
5 50 990
5 51 4
5 52 167
5 53 891
5 54 799
5 55 363
5 56 193
5 57 39
5 58 270
5 59 623
5 60 948
5 61 859
5 62 884
5 64 69
5 65 743
5 66 463
5 67 187
5 69 887
5 70 833
5 71 19
5 72 12
5 73 612
5 74 464
5 75 627
5 76 997
5 77 470
5 78 235
5 79 422
5 80 469
5 81 71
5 83 432
5 85 854
5 86 897
5 87 999
5 88 799
5 90 488
5 92 619
5 93 496
5 94 498
5 96 197
5 97 920
5 98 662
6 0 121
6 1 219
6 3 658
6 4 331
6 5 555
6 6 979
6 7 248
6 9 594
6 10 872
6 11 348
6 12 820
6 13 587
6 14 780
6 15 416
6 17 760
6 18 864
6 19 214
6 20 109
6 22 495
6 23 289
6 24 569
6 25 656
6 26 96
6 27 683
6 28 481
6 29 307
6 30 232
6 32 318
6 33 282
6 34 619
6 35 837
6 36 80
6 37 32
6 38 570
6 39 224
6 40 452
6 41 499
6 43 238
6 45 311
6 46 944
6 47 716
6 48 182
6 50 891
6 51 164
6 52 166
6 53 525
6 54 491
6 55 374
6 56 379
6 58 111
6 60 648
6 61 424
6 62 374
6 63 895
6 64 981
6 65 570
6 68 250
6 69 984
6 70 376
6 71 810
6 72 841
6 73 234
6 74 970
6 75 975
6 77 41
6 79 273
6 80 843
6 82 641
6 84 78
6 85 901
6 86 931
6 88 89
6 89 408
6 91 266
6 92 794
6 93 425
6 94 473
6 95 61
6 96 269
6 97 468
6 98 102
6 99 965
7 0 663
7 1 87
7 3 576
7 4 414
7 5 707
7 6 89
7 7 265
7 8 453
7 9 37
7 11 796
7 12 617
7 13 554
7 14 543
7 15 156
7 17 608
7 18 568
7 19 33
7 20 843
7 21 142
7 22 969
7 23 485
7 24 631
7 25 459
7 26 991
7 28 234
7 29 779
7 30 736
7 31 177
7 32 867
7 33 779
7 36 806
7 37 777
7 38 451
7 39 459
7 40 665
7 41 529
7 42 880
7 43 18
7 45 371
7 46 156
7 47 743
7 48 342
7 49 269
7 50 51
7 51 624
7 52 781
7 53 771
7 56 961
7 57 129
7 58 650
7 59 608
7 60 531
7 62 315
7 63 109
7 64 22
7 66 671
7 69 994
7 70 443
7 71 758
7 73 369
7 74 625
7 75 259
7 76 252
7 77 674
7 78 30
7 79 77
7 80 224
7 82 512
7 83 472
7 84 342
7 85 422
7 86 457
7 87 674
7 89 820
7 90 684
7 92 797
7 93 550
7 94 65
7 95 666
7 96 687
7 97 812
7 98 889
7 99 96
8 0 998
8 1 931
8 2 127
8 4 258
8 5 191
8 6 524
8 7 43
8 8 272
8 9 200
8 10 985
8 11 85
8 12 224
8 13 644
8 14 821
8 16 353
8 19 883
8 22 196
8 23 811
8 24 767
8 25 576
8 26 171
8 27 870
8 29 718
8 30 712
8 31 218
8 32 167
8 33 486
8 34 72
8 35 986
8 36 640
8 37 247
8 38 745
8 39 570
8 40 248
8 42 637
8 44 585
8 45 748
8 47 417
8 48 646
8 49 442
8 50 988
8 51 371
8 52 764
8 54 587
8 56 991
8 57 116
8 58 766
8 59 194
8 60 185
8 61 850
8 62 395
8 63 177
8 64 448
8 65 489
8 66 194
8 67 865
8 68 952
8 69 730
8 70 585
8 71 780
8 72 671
8 73 313
8 74 173
8 75 771
8 78 10
8 80 422
8 81 797
8 82 902
8 83 542
8 84 474
8 85 404
8 86 697
8 87 9
8 89 407
8 90 175
8 91 453
8 92 830
8 93 393
8 94 966
8 95 80
8 96 801
8 97 732
8 99 561
9 1 190
9 2 47
9 3 256
9 4 155
9 5 822
9 6 160
9 8 767
9 10 26
9 12 200
9 13 524
9 14 957
9 16 369
9 17 147
9 18 458
9 20 469
9 21 183
9 22 13
9 23 333
9 24 471
9 25 828
9 26 984
9 27 516
9 28 65
9 29 751
9 30 239
9 31 72
9 33 407
9 34 713
9 35 324
9 36 928
9 37 531
9 38 527
9 39 281
9 40 757
9 41 141
9 42 234
9 43 345
9 45 948
9 47 683
9 48 169
9 49 125
9 50 253
9 51 784
9 52 350
9 54 332
9 56 985
9 57 467
9 58 859
9 59 129
9 61 858
9 62 954
9 63 589
9 64 898
9 65 984
9 66 937
9 67 380
9 69 100
9 70 288
9 71 553
9 72 553
9 73 322
9 74 767
9 76 986
9 78 390
9 79 186
9 80 246
9 82 167
9 83 353
9 84 13
9 87 993
9 88 176
9 90 807
9 91 721
9 93 263
9 95 118
9 96 917
9 97 884
9 98 990
9 99 643
10 2 573
10 3 850
10 4 568
10 5 887
10 7 701
10 8 366
10 9 11
10 10 541
10 11 621
10 13 810
10 14 944
10 15 57
10 17 103
10 18 87
10 19 900
10 22 555
10 24 548
10 26 589
10 27 325
10 28 298
10 29 44
10 30 798
10 31 247
10 32 63
10 33 505
10 34 134
10 35 855
10 36 4
10 37 567
10 38 399
10 39 741
10 42 289
10 44 658
10 45 657
10 46 621
10 47 662
10 50 686
10 51 205
10 52 925
10 53 106
10 54 969
10 55 881
10 56 80
10 58 508
10 59 214
10 60 545
10 61 952
10 62 998
10 63 258
10 66 150
10 67 169
10 68 952
10 70 51
10 71 88
10 72 728
10 73 378
10 77 763
10 78 394
10 79 885
10 80 76
10 81 828
10 82 9
10 83 24
10 84 921
10 85 647
10 86 707
10 87 956
10 90 530
10 91 844
10 92 292
10 93 149
10 94 586
10 95 410
10 96 11
10 97 252
10 98 100
10 99 105
11 0 451
11 1 476
11 3 705
11 4 543
11 5 454
11 7 677
11 8 732
11 10 390
11 11 410
11 12 739
11 13 818
11 15 94
11 18 305
11 19 443
11 21 833
11 22 40
11 23 333
11 25 228
11 27 982
11 28 333
11 29 52
11 31 507
11 32 159
11 33 349
11 34 46
11 35 254
11 36 980
11 37 90
11 38 875
11 39 816
11 40 318
11 42 714
11 44 551
11 46 919
11 47 622
11 48 410
11 49 169
11 50 799
11 51 577
11 52 295
11 53 451
11 55 472
11 57 229
11 58 178
11 60 189
11 61 908
11 62 186
11 64 919
11 65 280
11 66 319
11 67 552
11 68 640
11 69 485
11 70 855
11 71 113
11 72 846
11 73 207
11 75 4
11 76 108
11 77 441
11 79 763
11 80 372
11 81 444
11 82 398
11 85 975
11 87 382
11 88 398
11 90 519
11 91 249
11 92 657
11 93 745
11 94 94
11 95 528
11 96 406
11 97 433
11 98 282
12 0 574
12 1 158
12 2 953
12 3 56
12 4 209
12 5 947
12 6 856
12 7 672
12 9 372
12 10 132
12 11 211
12 12 43
12 14 964
12 15 845
12 17 425
12 18 133
12 19 385
12 20 98
12 21 886
12 22 841
12 24 623
12 26 771
12 28 743
12 29 334
12 30 528
12 32 769
12 34 830
12 36 128
12 37 779
12 39 511
12 40 867
12 41 92
12 42 462
12 44 815
12 45 196
12 48 834
12 49 753
12 50 549
12 51 358
12 52 772
12 55 127
12 56 986
12 57 597
12 58 260
12 59 692
12 60 259
12 61 703
12 62 89
12 63 373
12 64 352
12 65 483
12 67 998
12 68 144
12 69 752
12 70 157
12 72 74
12 73 625
12 74 210
12 75 271
12 78 874
12 79 456
12 80 483
12 81 946
12 82 304
12 83 919
12 84 652
12 85 154
12 86 328
12 87 148
12 88 476
12 89 612
12 90 928
12 91 326
12 92 830
12 94 596
12 95 417
12 96 801
12 97 896
12 99 706
13 0 842
13 1 722
13 2 773
13 3 294
13 4 271
13 5 22
13 6 855
13 7 393
13 8 538
13 9 731
13 11 990
13 13 230
13 14 894
13 15 468
13 16 109
13 17 99
13 19 428
13 24 651
13 25 478
13 27 108
13 28 920
13 29 937
13 30 798
13 31 386
13 33 171
13 35 116
13 37 56
13 38 554
13 39 466
13 40 977
13 42 8
13 43 781
13 44 557
13 45 587
13 46 531
13 47 989
13 48 651
13 49 613
13 50 498
13 51 63
13 52 102
13 53 108
13 54 964
13 55 354
13 56 804
13 57 922
13 58 853
13 59 652
13 60 578
13 62 470
13 63 456
13 64 883
13 66 423
13 67 751
13 68 338
13 69 180
13 71 327
13 72 476
13 74 868
13 75 741
13 76 350
13 77 472
13 78 151
13 79 836
13 80 154
13 81 273
13 82 577
13 83 916
13 84 715
13 85 330
13 86 729
13 87 770
13 88 21
13 89 883
13 90 189
13 92 476
13 93 399
13 94 717
13 96 530
13 97 186
13 99 699
14 0 217
14 1 862
14 2 779
14 5 580
14 6 371
14 7 9
14 8 611
14 9 424
14 10 381
14 11 678
14 12 729
14 14 76
14 15 41
14 16 167
14 19 752
14 20 803
14 21 102
14 22 545
14 23 332
14 24 816
14 26 690
14 28 57
14 29 633
14 31 952
14 32 783
14 33 623
14 34 40
14 35 922
14 37 3
14 38 870
14 39 43
14 40 185
14 41 335
14 42 829
14 43 475
14 44 135
14 45 67
14 46 969
14 47 73
14 48 47
14 49 506
14 50 378
14 51 443
14 52 966
14 54 107
14 56 26
14 58 344
14 59 993
14 60 172
14 63 190
14 64 25
14 65 970
14 66 862
14 67 26
14 68 48
14 70 38
14 71 794
14 73 94
14 74 933
14 75 991
14 76 88
14 78 644
14 79 506
14 80 683
14 81 153
14 82 282
14 84 171
14 85 88
14 86 498
14 87 919
14 88 7
14 89 646
14 92 816
14 93 943
14 95 154
14 96 397
14 97 183
14 98 489
14 99 812
15 0 415
15 1 704
15 2 990
15 3 635
15 4 418
15 5 74
15 6 36
15 9 841
15 10 168
15 11 657
15 14 719
15 16 346
15 17 803
15 18 422
15 20 55
15 21 406
15 22 421
15 23 739
15 24 606
15 25 309
15 26 287
15 27 384
15 28 593
15 29 694
15 30 668
15 31 489
15 33 726
15 34 152
15 35 444
15 36 215
15 37 323
15 40 713
15 41 518
15 42 787
15 44 453
15 45 956
15 46 34
15 47 52
15 48 878
15 49 4
15 50 325
15 52 672
15 54 678
15 55 225
15 57 345
15 59 901
15 61 671
15 62 452
15 63 421
15 64 150
15 65 869
15 66 387
15 67 496
15 68 683
15 69 669
15 71 399
15 72 424
15 73 643
15 75 659
15 76 119
15 77 534
15 79 494
15 83 161
15 84 661
15 86 198
15 88 365
15 89 551
15 90 30
15 91 214
15 92 258
15 93 601
15 94 561
15 95 813
15 96 615
15 98 454
15 99 973
16 1 989
16 2 498
16 3 270
16 4 149
16 5 418
16 6 392
16 7 436
16 8 399
16 10 847
16 11 872
16 12 928
16 13 432
16 14 9
16 16 470
16 17 100
16 18 274
16 19 704
16 21 410
16 22 63
16 23 47
16 24 744
16 25 970
16 26 950
16 27 385
16 28 772
16 29 433
16 30 873
16 31 77
16 32 640
16 33 345
16 34 372
16 35 823
16 36 981
16 37 34
16 39 455
16 40 397
16 41 941
16 42 173
16 43 220
16 45 913
16 46 501
16 47 380
16 48 331
16 49 902
16 50 443
16 51 761
16 52 767
16 53 14
16 54 363
16 55 517
16 56 761
16 57 14
16 58 70
16 59 67
16 60 17
16 61 727
16 62 41
16 64 835
16 65 635
16 66 447
16 67 263
16 68 607
16 69 862
16 70 803
16 72 86
16 73 328
16 74 837
16 75 900
16 76 962
16 77 324
16 78 590
16 79 884
16 80 713
16 81 425
16 82 790
16 83 64
16 84 343
16 86 16
16 87 991
16 88 332
16 89 731
16 90 138
16 91 841
16 92 990
16 94 327
16 95 350
16 96 682
16 98 891
16 99 2
17 0 156
17 1 400
17 2 354
17 3 938
17 4 829
17 5 95
17 6 224
17 7 429
17 8 55
17 10 695
17 11 442
17 12 603
17 13 799
17 14 145
17 15 848
17 16 288
17 17 364
17 18 571
17 19 196
17 20 826
17 21 801
17 22 361
17 23 231
17 24 645
17 25 60
17 27 826
17 28 808
17 29 814
17 30 911
17 31 636
17 33 265
17 34 928
17 35 648
17 37 550
17 39 977
17 40 508
17 42 703
17 43 516
17 44 17
17 46 99
17 47 396
17 48 311
17 50 751
17 51 177
17 52 828
17 53 670
17 54 922
17 58 182
17 59 567
17 60 329
17 61 49
17 62 261
17 63 391
17 64 22
17 65 386
17 67 499
17 68 764
17 69 841
17 70 627
17 71 915
17 72 18
17 73 862
17 74 35
17 80 675
17 81 92
17 82 344
17 84 385
17 86 869
17 87 51
17 88 438
17 89 479
17 90 663
17 91 978
17 92 400
17 93 555
17 94 580
17 95 241
17 96 959
17 97 270
17 98 197
17 99 901
18 0 654
18 2 196
18 4 413
18 6 360
18 8 731
18 9 515
18 10 416
18 11 376
18 13 268
18 16 260
18 17 237
18 18 977
18 19 235
18 20 335
18 21 36
18 22 619
18 23 172
18 24 336
18 25 872
18 27 903
18 28 755
18 31 15
18 32 592
18 33 841
18 34 412
18 36 84
18 38 593
18 40 418
18 41 476
18 42 73
18 43 146
18 45 138
18 46 274
18 47 980
18 48 152
18 49 772
18 50 118
18 52 762
18 53 168
18 54 623
18 55 373
18 58 126
18 59 173
18 60 581
18 61 921
18 62 637
18 63 271
18 64 100
18 65 395
18 66 173
18 67 785
18 68 28
18 69 449
18 71 704
18 72 763
18 73 962
18 76 20
18 77 366
18 78 31
18 79 882
18 80 459
18 81 746
18 82 751
18 84 275
18 85 440
18 87 875
18 88 519
18 89 768
18 90 4
18 92 522
18 93 226
18 94 785
18 95 962
18 96 878
18 97 164
18 98 898
18 99 817
19 2 457
19 3 535
19 4 59
19 5 672
19 6 579
19 7 991
19 8 796
19 10 921
19 11 589
19 13 855
19 14 90
19 15 446
19 17 49
19 18 668
19 20 497
19 21 935
19 23 960
19 24 116
19 25 446
19 29 301
19 30 692
19 33 26
19 34 463
19 35 326
19 36 364
19 37 565
19 38 333
19 39 657
19 40 221
19 41 345
19 42 846
19 43 570
19 44 223
19 45 347
19 46 292
19 47 885
19 48 143
19 49 5
19 50 95
19 52 234
19 54 244
19 55 888
19 56 602
19 57 576
19 59 872
19 60 271
19 61 894
19 62 52
19 63 917
19 67 206
19 68 88
19 69 896
19 70 860
19 71 604
19 72 576
19 73 349
19 74 822
19 75 745
19 77 456
19 78 707
19 79 847
19 80 726
19 82 479
19 84 418
19 85 949
19 86 837
19 87 990
19 88 111
19 89 580
19 90 712
19 91 295
19 92 404
19 93 545
19 94 836
19 95 813
19 96 415
19 97 471
19 98 150
19 99 548
20 0 126
20 1 577
20 2 817
20 3 208
20 4 906
20 5 180
20 7 645
20 8 573
20 9 626
20 11 492
20 12 812
20 13 86
20 14 857
20 15 664
20 18 534
20 19 678
20 20 821
20 21 406
20 28 621
20 29 170
20 31 176
20 32 200
20 33 254
20 34 918
20 35 643
20 36 90
20 37 235
20 38 929
20 40 631
20 42 39
20 43 120
20 44 585
20 45 17
20 46 954
20 47 923
20 48 316
20 49 152
20 50 222
20 52 279
20 53 291
20 54 674
20 55 778
20 56 276
20 57 839
20 58 58
20 59 707
20 60 419
20 61 674
20 62 3
20 63 925
20 64 770
20 66 670
20 67 60
20 68 222
20 69 121
20 70 270
20 71 245
20 75 537
20 76 643
20 77 736
20 78 735
20 79 650
20 80 516
20 81 496
20 83 90
20 84 135
20 85 479
20 86 618
20 87 531
20 88 827
20 89 44
20 90 299
20 91 99
20 92 166
20 93 701
20 94 758
20 95 852
20 96 949
20 98 817
20 99 942
21 1 613
21 2 51
21 3 167
21 4 367
21 6 335
21 7 15
21 8 215
21 9 58
21 10 482
21 11 793
21 12 849
21 13 485
21 16 917
21 17 921
21 18 881
21 19 889
21 21 294
21 22 401
21 25 746
21 26 664
21 27 924
21 29 596
21 31 305
21 32 687
21 33 790
21 34 770
21 35 736
21 38 901
21 42 549
21 43 423
21 44 513
21 45 661
21 46 610
21 47 209
21 48 663
21 49 455
21 52 943
21 53 832
21 54 25
21 55 44
21 57 77
21 58 947
21 59 787
21 61 612
21 63 68
21 64 297
21 65 168
21 66 559
21 67 739
21 68 221
21 69 157
21 70 496
21 71 279
21 72 657
21 73 875
21 74 682
21 75 313
21 76 967
21 77 511
21 79 556
21 80 476
21 81 947
21 82 630
21 83 456
21 84 566
21 85 259
21 86 389
21 87 869
21 89 269
21 90 748
21 91 448
21 93 965
21 94 686
21 95 242
21 98 612
21 99 654
22 0 624
22 1 366
22 2 520
22 5 461
22 6 201
22 7 219
22 8 404
22 9 613
22 10 142
22 11 592
22 12 570
22 13 860
22 15 177
22 16 622
22 17 18
22 18 430
22 19 259
22 20 697
22 21 834
22 22 775
22 24 714
22 25 496
22 26 608
22 27 468
22 28 499
22 29 205
22 31 6
22 32 305
22 33 604
22 34 645
22 35 517
22 36 49
22 37 225
22 38 850
22 39 86
22 40 395
22 42 298
22 44 942
22 45 129
22 46 416
22 47 893
22 48 287
22 49 406
22 50 270
22 53 998
22 54 99
22 55 455
22 57 295
22 58 985
22 59 28
22 60 685
22 61 624
22 62 830
22 63 369
22 64 482
22 66 201
22 68 230
22 73 977
22 74 452
22 75 384
22 76 936
22 78 112
22 79 898
22 80 545
22 81 410
22 83 84
22 84 513
22 85 13
22 86 490
22 87 983
22 88 494
22 89 59
22 90 699
22 91 255
22 92 81
22 93 499
22 94 93
22 95 316
22 96 611
22 98 730
22 99 904
23 0 135
23 2 938
23 3 117
23 4 921
23 5 13
23 6 323
23 7 174
23 8 524
23 9 850
23 10 950
23 12 222
23 13 400
23 14 328
23 16 295
23 20 199
23 21 876
23 23 739
23 24 94
23 26 648
23 27 552
23 28 343
23 29 42
23 30 332
23 31 578
23 32 325
23 33 197
23 34 518
23 35 246
23 36 750
23 37 421
23 38 191
23 39 520
23 40 873
23 41 459
23 42 550
23 43 459
23 44 360
23 45 47
23 46 353
23 47 3
23 48 645
23 49 260
23 51 180
23 53 168
23 54 228
23 58 304
23 59 604
23 60 350
23 61 512
23 62 400
23 65 68
23 67 403
23 68 389
23 70 396
23 71 436
23 72 677
23 73 595
23 74 27
23 75 104
23 76 707
23 77 778
23 79 121
23 80 198
23 83 161
23 84 531
23 86 572
23 87 851
23 88 951
23 89 505
23 90 543
23 92 332
23 93 356
23 94 940
23 96 429
23 97 181
23 98 597
23 99 946
24 0 518
24 1 34
24 2 787
24 3 762
24 4 645
24 5 45
24 7 639
24 8 184
24 9 331
24 10 206
24 11 573
24 12 737
24 13 287
24 14 837
24 15 278
24 16 227
24 17 544
24 20 564
24 22 329
24 23 759
24 26 903
24 27 105
24 28 161
24 29 309
24 30 841
24 32 622
24 33 340
24 36 648
24 37 577
24 38 203
24 39 260
24 40 12
24 41 212
24 43 471
24 44 680
24 45 260
24 47 135
24 48 568
24 49 266
24 50 870
24 51 120
24 53 214
24 54 763
24 56 671
24 57 898
24 58 62
24 59 611
24 60 167
24 61 262
24 63 730
24 65 748
24 66 394
24 67 581
24 68 211
24 69 702
24 70 545
24 71 514
24 73 441
24 74 187
24 76 602
24 77 506
24 78 682
24 79 453
24 81 929
24 82 588
24 83 494
24 84 316
24 85 805
24 86 472
24 87 951
24 88 697
24 89 795
24 90 850
24 91 357
24 92 846
24 93 518
24 94 285
24 95 738
24 98 380
24 99 817
25 0 646
25 1 187
25 2 659
25 3 79
25 4 971
25 5 805
25 6 450
25 7 436
25 8 325
25 9 132
25 10 424
25 11 779
25 13 229
25 14 738
25 15 834
25 16 543
25 17 654
25 18 339
25 19 369
25 23 861
25 24 349
25 25 882
25 26 188
25 27 685
25 28 660
25 29 38
25 30 745
25 32 136
25 34 611
25 35 33
25 36 948
25 37 805
25 38 271
25 39 575
25 40 322
25 41 262
25 42 279
25 43 971
25 44 839
25 45 753
25 48 646
25 49 814
25 50 101
25 51 959
25 52 858
25 53 452
25 54 353
25 55 586
25 56 185
25 57 129
25 58 503
25 59 304
25 61 481
25 62 95
25 64 255
25 65 786
25 66 975
25 67 57
25 68 12
25 70 441
25 73 741
25 74 407
25 75 659
25 76 811
25 77 486
25 78 348
25 79 668
25 80 894
25 81 235
25 84 364
25 85 82
25 86 811
25 87 836
25 89 111
25 90 955
25 91 578
25 92 935
25 93 833
25 95 556
25 96 116
25 97 95
25 99 799
26 0 476
26 2 511
26 4 93
26 6 643
26 7 349
26 9 466
26 10 227
26 11 753
26 12 707
26 13 244
26 15 955
26 16 494
26 17 849
26 18 926
26 19 791
26 21 923
26 23 147
26 25 695
26 26 985
26 27 506
26 30 935
26 31 419
26 32 766
26 33 379
26 34 609
26 35 187
26 36 229
26 38 995
26 39 89
26 40 889
26 41 232
26 42 90
26 43 823
26 44 469
26 45 327
26 46 464
26 48 149
26 49 333
26 50 98
26 52 582
26 53 960
26 54 762
26 56 62
26 57 724
26 58 166
26 59 921
26 60 816
26 61 815
26 62 507
26 63 735
26 64 120
26 65 182
26 66 655
26 67 64
26 68 593
26 69 361
26 70 884
26 72 517
26 73 73
26 74 468
26 75 842
26 76 701
26 77 606
26 78 798
26 79 146
26 80 446
26 82 134
26 83 390
26 84 931
26 85 960
26 86 776
26 89 416
26 90 698
26 91 263
26 92 329
26 93 200
26 94 303
26 95 763
26 96 602
26 97 708
26 98 609
27 0 930
27 1 521
27 2 189
27 3 944
27 4 62
27 5 52
27 6 690
27 7 154
27 8 314
27 9 291
27 11 593
27 12 642
27 13 882
27 14 726
27 16 681
27 18 559
27 19 658
27 20 9
27 22 845
27 23 179
27 25 871
27 26 928
27 27 480
27 29 741
27 30 994
27 31 271
27 32 498
27 33 768
27 34 748
27 36 300
27 37 468
27 38 433
27 39 196
27 40 464
27 41 836
27 42 735
27 43 912
27 44 994
27 45 198
27 46 571
27 47 691
27 49 982
27 50 703
27 51 694
27 52 455
27 53 21
27 54 812
27 55 925
27 56 583
27 57 734
27 58 13
27 59 131
27 60 0
27 61 632
27 62 732
27 64 330
27 66 400
27 68 67
27 69 167
27 70 138
27 71 388
27 72 121
27 73 963
27 74 509
27 75 355
27 76 869
27 77 853
27 78 320
27 79 249
27 81 465
27 82 747
27 83 11
27 84 914
27 85 440
27 86 676
27 87 873
27 88 578
27 89 499
27 90 977
27 91 635
27 92 137
27 93 594
27 94 935
27 95 364
27 96 527
27 99 72
28 0 276
28 1 568
28 2 543
28 3 685
28 4 216
28 5 951
28 6 553
28 8 788
28 11 742
28 13 746
28 15 790
28 16 921
28 17 506
28 18 989
28 19 577
28 20 428
28 21 397
28 22 104
28 23 909
28 24 661
28 25 337
28 26 37
28 27 473
28 28 503
28 29 700
28 30 900
28 31 176
28 32 195
28 33 767
28 34 592
28 35 836
28 36 912
28 37 647
28 38 509
28 39 257
28 40 728
28 41 754
28 42 914
28 43 236
28 44 77
28 45 742
28 46 748
28 47 318
28 48 539
28 49 767
28 50 635
28 51 731
28 52 510
28 53 205
28 54 549
28 55 719
28 57 410
28 58 598
28 59 729
28 60 74
28 61 736
28 62 23
28 63 127
28 64 19
28 65 12
28 67 583
28 68 273
28 69 539
28 70 823
28 71 588
28 73 576
28 74 151
28 75 904
28 76 715
28 77 840
28 79 854
28 81 650
28 82 763
28 83 450
28 84 944
28 85 865
28 86 803
28 87 936
28 88 487
28 89 208
28 90 457
28 91 337
28 92 354
28 93 794
28 94 124
28 95 796
28 96 221
28 97 685
28 99 377
29 1 579
29 2 206
29 4 680
29 5 90
29 6 495
29 7 748
29 8 905
29 9 801
29 10 207
29 11 725
29 12 472
29 13 622
29 15 98
29 18 869
29 19 339
29 20 355
29 22 929
29 23 504
29 25 247
29 26 117
29 27 743
29 28 324
29 29 940
29 30 483
29 31 557
29 32 66
29 33 348
29 34 532
29 35 360
29 36 380
29 37 450
29 38 129
29 39 935
29 40 113
29 41 158
29 42 530
29 43 593
29 44 894
29 45 102
29 47 568
29 48 29
29 49 754
29 50 358
29 51 524
29 52 442
29 53 808
29 54 632
29 55 64
29 56 794
29 58 714
29 59 225
29 60 396
29 61 62
29 62 695
29 63 356
29 66 855
29 68 723
29 70 925
29 71 555
29 72 492
29 73 571
29 75 697
29 76 754
29 77 734
29 78 142
29 79 527
29 80 814
29 81 570
29 82 748
29 83 490
29 85 290
29 86 540
29 87 931
29 88 290
29 90 532
29 91 584
29 93 254
29 94 510
29 95 545
29 96 296
29 97 290
29 98 336
29 99 883
30 0 656
30 1 87
30 5 121
30 6 874
30 7 466
30 8 301
30 9 795
30 10 892
30 11 270
30 13 703
30 14 129
30 15 51
30 16 521
30 17 342
30 18 605
30 19 658
30 20 76
30 21 479
30 22 252
30 23 464
30 24 889
30 25 94
30 26 344
30 27 389
30 28 308
30 29 878
30 30 635
30 31 633
30 32 959
30 33 430
30 34 102
30 35 832
30 36 621
30 37 670
30 39 361
30 40 582
30 41 533
30 42 591
30 43 614
30 45 281
30 46 626
30 47 762
30 48 51
30 50 465
30 51 148
30 53 116
30 54 275
30 55 882
30 56 645
30 58 235
30 59 484
30 60 446
30 61 367
30 62 505
30 63 947
30 64 596
30 66 754
30 67 11
30 68 675
30 69 976
30 70 57
30 71 172
30 72 263
30 73 9
30 75 912
30 76 482
30 77 22
30 78 686
30 79 925
30 80 834
30 81 255
30 82 331
30 83 25
30 85 896
30 86 581
30 87 742
30 88 483
30 89 915
30 90 62
30 91 848
30 93 300
30 95 54
30 97 853
30 98 194
31 1 389
31 2 185
31 3 257
31 4 376
31 5 260
31 6 750
31 7 156
31 9 314
31 10 883
31 11 808
31 12 288
31 13 352
31 14 803
31 15 917
31 17 613
31 18 212
31 19 418
31 20 484
31 21 415
31 23 518
31 25 785
31 27 587
31 29 129
31 30 532
31 31 516
31 33 529
31 34 669
31 35 926
31 36 608
31 38 6
31 39 324
31 40 778
31 41 657
31 42 842
31 43 390
31 44 248
31 45 254
31 46 710
31 47 107
31 48 753
31 49 184
31 52 582
31 54 839
31 55 745
31 56 639
31 57 828
31 58 887
31 59 521
31 60 813
31 61 118
31 62 285
31 63 795
31 64 98
31 66 955
31 67 342
31 68 59
31 70 506
31 71 470
31 72 890
31 73 937
31 74 758
31 75 31
31 76 113
31 77 219
31 78 256
31 79 965
31 80 113
31 81 272
31 83 941
31 84 460
31 85 45
31 86 847
31 87 614
31 88 137
31 89 823
31 90 837
31 92 700
31 94 817
31 95 509
31 96 680
31 98 544
31 99 119
32 0 745
32 1 142
32 3 920
32 4 982
32 5 23
32 6 416
32 7 747
32 9 712
32 10 88
32 11 578
32 12 555
32 13 816
32 15 49
32 16 597
32 17 943
32 18 128
32 21 152
32 22 107
32 23 117
32 24 179
32 25 147
32 26 558
32 28 728
32 29 532
32 30 139
32 32 9
32 34 989
32 35 580
32 36 41
32 37 345
32 40 936
32 41 914
32 43 556
32 45 5
32 46 184
32 47 8
32 48 835
32 49 764
32 50 601
32 53 576
32 56 678
32 57 526
32 58 596
32 59 263
32 60 343
32 61 469
32 62 319
32 64 778
32 65 674
32 66 869
32 67 642
32 68 867
32 69 235
32 71 560
32 72 392
32 75 892
32 76 887
32 77 743
32 78 802
32 79 345
32 80 24
32 81 252
32 82 784
32 83 515
32 84 714
32 85 460
32 86 324
32 88 840
32 89 835
32 92 395
32 94 490
32 95 459
32 97 562
32 98 604
32 99 138
33 0 40
33 1 707
33 3 476
33 4 243
33 5 542
33 6 834
33 7 470
33 8 58
33 9 750
33 12 205
33 15 375
33 16 977
33 17 787
33 19 902
33 20 661
33 21 922
33 22 646
33 24 201
33 25 527
33 27 512
33 28 803
33 30 446
33 31 720
33 32 946
33 33 392
33 34 871
33 35 304
33 36 642
33 37 267
33 39 150
33 40 310
33 41 911
33 44 134
33 45 316
33 46 394
33 47 828
33 48 364
33 49 495
33 50 921
33 51 872
33 53 487
33 54 883
33 55 685
33 56 188
33 57 192
33 59 848
33 61 259
33 63 871
33 64 876
33 66 950
33 69 608
33 70 375
33 72 169
33 73 407
33 74 554
33 77 979
33 79 230
33 80 445
33 82 909
33 83 684
33 84 942
33 86 278
33 87 706
33 89 24
33 91 847
33 92 806
33 93 534
33 94 438
33 95 329
33 96 89
33 98 405
33 99 759
34 2 568
34 3 957
34 4 185
34 5 847
34 6 716
34 7 808
34 8 987
34 9 878
34 11 792
34 13 811
34 14 178
34 16 124
34 17 852
34 19 561
34 20 404
34 21 190
34 22 475
34 23 54
34 24 405
34 25 628
34 26 344
34 27 117
34 28 32
34 29 87
34 30 869
34 31 224
34 32 40
34 33 125
34 34 912
34 35 377
34 36 857
34 38 921
34 39 616
34 40 124
34 41 686
34 42 139
34 44 204
34 45 271
34 47 586
34 48 587
34 51 876
34 52 593
34 53 605
34 54 917
34 55 353
34 57 930
34 58 702
34 60 760
34 61 476
34 62 487
34 63 603
34 64 136
34 66 890
34 67 632
34 68 738
34 69 657
34 70 243
34 72 937
34 73 961
34 74 6
34 75 404
34 76 711
34 77 420
34 78 159
34 79 537
34 80 872
34 81 972
34 82 572
34 83 451
34 84 311
34 87 141
34 89 236
34 90 52
34 91 288
34 92 276
34 93 765
34 94 175
34 95 781
34 97 319
34 98 413
34 99 339
35 0 715
35 1 411
35 2 449
35 3 296
35 4 753
35 5 39
35 6 37
35 7 182
35 8 719
35 9 370
35 10 185
35 11 808
35 13 344
35 14 401
35 15 766
35 17 353
35 19 336
35 20 534
35 21 743
35 23 476
35 24 168
35 25 565
35 26 460
35 27 133
35 28 530
35 29 75
35 31 676
35 32 581
35 33 861
35 35 43
35 36 705
35 37 425
35 38 105
35 39 741
35 40 756
35 41 282
35 42 417
35 43 807
35 44 112
35 47 617
35 48 687
35 49 606
35 50 557
35 51 739
35 53 10
35 54 394
35 55 80
35 58 907
35 60 38
35 61 252
35 62 210
35 63 863
35 65 589
35 66 975
35 67 928
35 68 259
35 69 838
35 70 5
35 71 883
35 73 670
35 74 84
35 75 952
35 76 580
35 77 373
35 78 498
35 79 397
35 82 132
35 84 489
35 85 614
35 86 149
35 87 929
35 88 974
35 90 943
35 91 35
35 92 657
35 93 561
35 94 510
35 96 191
35 97 709
35 98 936
35 99 568
36 0 144
36 2 486
36 3 78
36 5 544
36 6 926
36 7 469
36 8 629
36 9 837
36 10 984
36 11 283
36 12 199
36 13 437
36 14 370
36 15 306
36 16 58
36 18 52
36 19 20
36 20 408
36 21 791
36 22 487
36 23 552
36 24 933
36 25 106
36 26 853
36 27 533
36 28 903
36 29 205
36 30 158
36 34 774
36 35 478
36 37 524
36 38 946
36 39 932
36 40 687
36 41 533
36 43 794
36 44 30
36 45 794
36 46 165
36 47 938
36 48 529
36 50 932
36 51 504
36 52 533
36 53 106
36 54 481
36 55 402
36 56 646
36 57 316
36 58 769
36 59 828
36 60 237
36 61 201
36 62 601
36 63 905
36 64 307
36 65 314
36 67 738
36 68 122
36 69 144
36 70 542
36 71 334
36 72 329
36 74 989
36 75 549
36 76 520
36 77 594
36 78 791
36 80 864
36 81 470
36 82 88
36 84 805
36 85 832
36 86 50
36 87 695
36 88 76
36 90 991
36 91 978
36 93 558
36 94 336
36 95 98
36 96 282
36 97 137
36 98 388
36 99 743
37 0 140
37 1 1
37 2 822
37 3 936
37 6 155
37 7 351
37 8 95
37 12 750
37 13 339
37 14 789
37 15 839
37 16 399
37 17 15
37 18 817
37 21 561
37 22 298
37 23 781
37 24 729
37 25 237
37 26 111
37 28 361
37 29 202
37 30 556
37 31 836
37 33 287
37 34 69
37 36 76
37 37 738
37 38 134
37 39 728
37 40 740
37 41 361
37 42 858
37 43 478
37 45 201
37 46 232
37 48 11
37 50 788
37 51 306
37 52 780
37 53 850
37 54 798
37 55 786
37 56 881
37 57 736
37 58 869
37 59 453
37 60 848
37 61 473
37 62 977
37 63 900
37 64 678
37 65 924
37 66 578
37 67 157
37 68 592
37 69 634
37 70 403
37 71 315
37 72 240
37 73 238
37 74 963
37 76 383
37 77 845
37 78 140
37 79 351
37 80 114
37 81 248
37 82 873
37 83 24
37 86 777
37 87 10
37 88 174
37 89 860
37 90 820
37 91 538
37 92 600
37 93 144
37 94 475
37 95 727
37 96 994
37 97 911
37 98 40
37 99 610
38 2 862
38 3 167
38 4 480
38 5 143
38 6 113
38 7 696
38 9 830
38 11 504
38 12 900
38 13 538
38 14 230
38 15 480
38 17 136
38 18 47
38 19 172
38 20 403
38 22 454
38 23 804
38 24 762
38 27 95
38 28 12
38 30 47
38 31 717
38 32 589
38 33 80
38 35 318
38 36 797
38 37 672
38 38 360
38 39 722
38 40 953
38 41 521
38 43 804
38 44 305
38 45 745
38 46 148
38 47 774
38 48 426
38 49 559
38 50 266
38 51 723
38 54 42
38 55 77
38 58 276
38 59 193
38 61 9
38 62 503
38 63 512
38 64 77
38 65 274
38 66 589
38 67 545
38 69 39
38 70 910
38 71 103
38 73 835
38 74 313
38 76 859
38 78 24
38 79 284
38 80 136
38 81 311
38 82 98
38 83 923
38 84 721
38 85 890
38 86 868
38 87 706
38 89 799
38 91 891
38 92 285
38 93 709
38 94 282
38 95 741
38 96 770
38 97 484
38 99 900
39 1 754
39 4 124
39 5 408
39 6 284
39 8 550
39 9 157
39 10 481
39 11 719
39 12 303
39 13 246
39 14 314
39 15 375
39 16 22
39 17 329
39 18 422
39 19 774
39 20 971
39 21 424
39 22 942
39 23 538
39 24 430
39 25 304
39 26 639
39 27 501
39 28 778
39 29 677
39 30 653
39 31 597
39 32 198
39 34 624
39 36 801
39 37 641
39 39 809
39 40 181
39 41 507
39 44 526
39 45 553
39 47 978
39 48 684
39 49 331
39 50 925
39 51 383
39 52 288
39 53 374
39 54 159
39 55 905
39 56 986
39 57 115
39 59 988
39 60 235
39 61 336
39 64 782
39 65 279
39 66 972
39 67 448
39 68 31
39 69 450
39 70 731
39 71 866
39 72 88
39 73 450
39 74 517
39 75 475
39 76 801
39 77 878
39 78 48
39 79 896
39 80 773
39 81 745
39 84 642
39 85 987
39 87 367
39 88 109
39 89 689
39 90 555
39 91 565
39 92 259
39 93 718
39 95 375
39 97 831
39 98 789
39 99 682
40 0 276
40 1 337
40 2 458
40 3 779
40 6 787
40 7 556
40 9 664
40 10 586
40 11 694
40 13 165
40 14 530
40 15 215
40 16 814
40 18 222
40 19 469
40 20 565
40 21 631
40 22 588
40 23 4
40 24 238
40 25 286
40 27 54
40 28 252
40 29 837
40 30 451
40 31 25
40 33 524
40 34 469
40 36 862
40 38 234
40 39 228
40 40 874
40 41 807
40 42 668
40 44 931
40 45 106
40 46 775
40 47 564
40 48 637
40 49 424
40 50 229
40 52 27
40 53 208
40 55 651
40 57 676
40 58 108
40 59 977
40 60 503
40 62 208
40 63 258
40 65 547
40 66 773
40 70 780
40 71 607
40 72 173
40 73 625
40 74 709
40 75 428
40 76 778
40 77 590
40 78 73
40 79 224
40 80 536
40 83 443
40 84 234
40 86 982
40 87 228
40 88 587
40 89 460
40 90 559
40 91 948
40 93 202
40 95 972
40 96 22
40 99 835
41 0 693
41 2 375
41 3 829
41 5 787
41 6 856
41 9 191
41 10 941
41 11 620
41 12 773
41 13 429
41 14 769
41 15 290
41 16 266
41 17 340
41 18 249
41 19 980
41 22 353
41 23 524
41 24 732
41 25 758
41 26 579
41 27 360
41 28 708
41 29 709
41 31 884
41 33 399
41 34 842
41 35 381
41 36 255
41 37 384
41 38 773
41 39 654
41 40 954
41 41 759
41 44 470
41 47 465
41 48 484
41 50 487
41 51 605
41 52 385
41 55 747
41 56 237
41 57 313
41 60 425
41 61 180
41 63 807
41 64 483
41 65 85
41 66 707
41 67 14
41 69 47
41 70 804
41 71 67
41 73 78
41 74 412
41 75 75
41 77 143
41 78 900
41 79 938
41 81 125
41 83 866
41 84 506
41 85 98
41 86 380
41 87 304
41 88 255
41 89 749
41 90 531
41 91 891
41 93 208
41 95 948
41 97 437
41 99 393
42 1 722
42 2 684
42 3 572
42 4 963
42 5 685
42 7 603
42 8 984
42 9 128
42 10 855
42 14 815
42 16 161
42 18 404
42 19 651
42 20 522
42 21 322
42 22 862
42 23 567
42 24 817
42 25 367
42 26 250
42 27 478
42 28 134
42 29 544
42 30 503
42 31 247
42 33 246
42 34 383
42 35 360
42 36 674
42 37 474
42 38 996
42 39 627
42 40 569
42 41 46
42 42 825
42 43 301
42 44 359
42 45 917
42 46 155
42 47 393
42 48 844
42 53 846
42 56 257
42 57 684
42 58 746
42 59 353
42 60 767
42 61 341
42 62 882
42 63 2
42 64 511
42 65 434
42 66 996
42 67 878
42 68 623
42 70 335
42 71 662
42 72 207
42 73 12
42 74 21
42 75 701
42 76 162
42 77 175
42 78 553
42 80 415
42 81 220
42 83 3
42 85 256
42 86 123
42 88 431
42 90 710
42 91 455
42 93 894
42 94 857
42 96 121
42 97 36
42 98 725
42 99 537
43 0 580
43 1 178
43 2 627
43 3 816
43 4 329
43 5 604
43 6 981
43 7 952
43 9 888
43 10 973
43 11 390
43 12 739
43 13 189
43 14 139
43 15 631
43 16 966
43 17 817
43 18 804
43 20 219
43 21 480
43 22 776
43 23 683
43 24 268
43 25 985
43 26 320
43 27 869
43 28 367
43 29 980
43 30 246
43 31 374
43 32 28
43 33 874
43 34 603
43 35 458
43 36 702
43 37 400
43 38 852
43 39 423
43 40 471
43 41 125
43 42 974
43 44 361
43 45 431
43 46 389
43 47 370
43 48 360
43 49 435
43 51 398
43 52 749
43 53 403
43 54 35
43 55 673
43 56 910
43 57 947
43 58 53
43 59 437
43 61 508
43 64 252
43 66 514
43 67 569
43 68 618
43 69 84
43 70 864
43 71 249
43 72 697
43 73 491
43 74 168
43 75 192
43 76 313
43 79 661
43 80 301
43 81 720
43 82 754
43 83 161
43 84 338
43 85 407
43 86 217
43 88 587
43 89 11
43 90 157
43 91 274
43 92 166
43 93 611
43 94 294
43 95 931
43 96 50
43 97 934
43 98 245
44 0 85
44 1 405
44 3 580
44 4 438
44 5 804
44 6 690
44 7 617
44 8 570
44 9 53
44 10 54
44 11 74
44 12 588
44 14 808
44 15 767
44 16 952
44 17 67
44 18 555
44 20 587
44 21 3
44 22 743
44 23 391
44 24 720
44 25 678
44 26 936
44 27 252
44 28 247
44 29 677
44 30 961
44 33 339
44 34 164
44 35 984
44 36 905
44 37 150
44 38 373
44 39 376
44 41 977
44 42 231
44 43 530
44 44 951
44 45 673
44 46 514
44 47 700
44 48 234
44 49 740
44 50 472
44 51 136
44 53 372
44 54 304
44 55 481
44 56 480
44 57 668
44 58 652
44 60 23
44 61 269
44 63 345
44 64 458
44 65 339
44 66 713
44 67 22
44 68 513
44 69 557
44 71 194
44 72 978
44 73 594
44 74 409
44 75 52
44 76 787
44 77 981
44 78 219
44 79 716
44 81 988
44 82 66
44 83 726
44 85 202
44 86 737
44 88 66
44 89 102
44 90 665
44 91 868
44 92 136
44 93 810
44 94 414
44 95 862
44 96 950
44 97 695
44 98 405
44 99 168
45 0 289
45 1 270
45 3 270
45 6 116
45 7 580
45 8 643
45 9 243
45 10 311
45 11 168
45 12 667
45 13 404
45 14 742
45 15 150
45 16 927
45 18 732
45 20 266
45 23 292
45 24 125
45 25 856
45 26 444
45 27 906
45 28 382
45 30 12
45 31 817
45 32 941
45 33 290
45 34 150
45 35 307
45 36 877
45 38 410
45 39 692
45 40 443
45 41 971
45 42 336
45 45 24
45 46 767
45 47 279
45 48 421
45 49 4
45 51 831
45 52 626
45 53 141
45 54 97
45 55 266
45 56 123
45 57 936
45 58 44
45 59 746
45 60 79
45 61 444
45 62 902
45 63 199
45 64 723
45 65 727
45 66 983
45 67 750
45 68 564
45 69 129
45 70 101
45 71 891
45 72 561
45 73 626
45 76 780
45 77 554
45 78 932
45 79 351
45 80 191
45 81 477
45 83 559
45 84 665
45 86 257
45 88 262
45 89 928
45 90 415
45 92 592
45 93 272
45 94 400
45 96 874
45 97 538
45 98 11
46 2 339
46 3 452
46 5 371
46 6 571
46 7 312
46 8 587
46 9 937
46 10 41
46 12 680
46 13 168
46 14 47
46 15 320
46 16 619
46 17 184
46 18 529
46 19 709
46 20 122
46 21 324
46 22 953
46 23 318
46 24 846
46 25 777
46 27 793
46 28 769
46 29 750
46 30 199
46 31 171
46 32 158
46 33 361
46 34 442
46 35 640
46 36 0
46 37 385
46 38 113
46 39 194
46 40 702
46 41 952
46 42 56
46 43 140
46 45 534
46 46 871
46 48 469
46 49 578
46 50 651
46 51 930
46 53 805
46 54 766
46 55 497
46 57 61
46 58 241
46 60 195
46 61 108
46 62 989
46 63 252
46 64 224
46 65 493
46 66 319
46 67 278
46 68 835
46 69 543
46 71 676
46 72 683
46 73 641
46 74 561
46 75 373
46 76 889
46 77 709
46 78 359
46 79 891
46 80 16
46 81 665
46 82 605
46 83 146
46 84 516
46 85 105
46 87 565
46 90 160
46 91 825
46 92 185
46 93 580
46 96 97
46 98 754
46 99 782
47 0 745
47 1 55
47 2 742
47 3 115
47 4 973
47 6 227
47 7 715
47 10 705
47 11 536
47 12 990
47 13 929
47 14 527
47 15 528
47 16 287
47 17 528
47 19 642
47 20 210
47 21 413
47 22 286
47 23 303
47 24 543
47 25 611
47 26 88
47 27 42
47 29 996
47 30 337
47 31 506
47 32 632
47 33 498
47 34 9
47 35 4
47 37 950
47 38 1
47 39 580
47 40 728
47 41 190
47 42 66
47 43 555
47 44 836
47 45 432
47 46 102
47 47 938
47 48 876
47 49 898
47 50 562
47 51 35
47 52 830
47 53 842
47 54 709
47 55 624
47 56 625
47 57 958
47 58 673
47 59 199
47 60 337
47 61 38
47 63 801
47 64 437
47 65 788
47 66 626
47 67 997
47 69 261
47 71 509
47 72 334
47 74 573
47 75 276
47 76 45
47 77 113
47 78 161
47 80 330
47 81 941
47 82 5
47 83 818
47 84 590
47 85 480
47 87 789
47 88 167
47 89 589
47 91 694
47 94 60
47 95 900
47 96 702
47 97 44
47 99 917
48 0 227
48 1 912
48 2 399
48 5 47
48 6 112
48 7 396
48 9 72
48 10 808
48 11 798
48 12 386
48 14 987
48 15 666
48 16 776
48 18 83
48 19 660
48 21 60
48 22 314
48 23 441
48 26 436
48 27 173
48 28 918
48 30 189
48 31 512
48 32 272
48 33 740
48 34 444
48 35 388
48 36 242
48 37 539
48 38 776
48 40 24
48 41 832
48 42 231
48 43 683
48 44 529
48 45 708
48 46 969
48 47 321
48 48 509
48 49 185
48 50 48
48 51 45
48 52 764
48 53 501
48 54 605
48 56 886
48 57 323
48 58 832
48 59 102
48 60 469
48 61 265
48 62 497
48 63 899
48 65 237
48 66 438
48 67 230
48 68 733
48 69 395
48 70 368
48 71 236
48 72 880
48 74 864
48 76 118
48 78 773
48 79 736
48 80 663
48 81 592
48 82 707
48 83 421
48 85 779
48 86 760
48 87 181
48 88 125
48 89 2
48 90 966
48 91 724
48 92 567
48 94 212
48 95 877
48 96 452
48 97 573
48 98 469
48 99 542
49 0 515
49 2 948
49 4 455
49 8 512
49 9 893
49 10 709
49 11 81
49 13 582
49 14 716
49 16 565
49 18 538
49 19 373
49 20 640
49 22 548
49 24 414
49 25 356
49 26 13
49 27 739
49 28 190
49 31 29
49 32 209
49 33 971
49 34 247
49 37 63
49 38 808
49 39 832
49 40 884
49 42 701
49 43 122
49 45 828
49 46 534
49 47 719
49 49 769
49 50 184
49 52 93
49 53 115
49 54 947
49 55 610
49 57 392
49 59 939
49 60 1
49 61 999
49 63 347
49 64 540
49 65 79
49 67 333
49 68 538
49 69 680
49 71 798
49 72 592
49 73 668
49 74 435
49 75 525
49 76 235
49 77 946
49 78 365
49 79 778
49 80 513
49 81 395
49 83 434
49 84 103
49 85 584
49 86 973
49 87 404
49 88 662
49 90 492
49 92 918
49 95 757
49 97 713
49 98 664
50 0 593
50 1 36
50 2 741
50 3 317
50 4 377
50 5 748
50 6 130
50 7 178
50 8 657
50 10 747
50 11 253
50 12 438
50 13 777
50 14 249
50 15 405
50 17 376
50 18 73
50 19 410
50 20 337
50 21 621
50 23 348
50 24 671
50 25 587
50 26 603
50 27 17
50 28 554
50 30 406
50 31 844
50 32 861
50 34 709
50 35 584
50 37 896
50 38 122
50 41 453
50 42 313
50 43 339
50 44 858
50 47 692
50 48 944
50 49 968
50 50 73
50 51 191
50 52 452
50 53 562
50 54 21
50 55 137
50 57 486
50 58 670
50 59 724
50 60 180
50 61 71
50 64 361
50 65 994
50 66 874
50 67 248
50 68 434
50 69 854
50 70 752
50 71 922
50 72 797
50 73 629
50 75 641
50 76 82
50 79 163
50 80 280
50 81 905
50 82 935
50 83 569
50 84 717
50 85 786
50 86 481
50 87 264
50 88 125
50 89 267
50 91 797
50 92 496
50 94 183
50 95 330
50 97 90
50 98 669
51 0 183
51 2 481
51 3 126
51 4 989
51 5 270
51 6 693
51 7 88
51 9 549
51 10 32
51 11 222
51 12 513
51 13 229
51 14 748
51 15 366
51 17 604
51 18 26
51 19 373
51 20 54
51 21 880
51 23 893
51 24 500
51 25 299
51 28 515
51 29 206
51 30 178
51 32 597
51 33 436
51 34 833
51 35 318
51 36 288
51 37 599
51 38 852
51 39 463
51 40 750
51 41 148
51 42 154
51 43 205
51 47 689
51 48 515
51 50 279
51 52 268
51 54 11
51 55 694
51 57 408
51 58 623
51 59 341
51 60 650
51 61 270
51 62 906
51 63 174
51 64 728
51 65 366
51 66 631
51 67 887
51 68 336
51 69 875
51 70 578
51 71 562
51 72 959
51 73 974
51 75 746
51 76 200
51 77 583
51 78 533
51 79 901
51 80 321
51 81 785
51 83 691
51 84 818
51 85 26
51 86 765
51 87 819
51 88 901
51 89 674
51 91 920
51 92 726
51 93 717
51 94 862
51 95 228
51 96 446
51 98 857
52 0 553
52 1 952
52 4 55
52 5 692
52 6 468
52 7 778
52 8 999
52 9 553
52 10 100
52 11 784
52 13 678
52 14 452
52 15 859
52 16 197
52 17 807
52 18 885
52 19 67
52 20 985
52 21 276
52 22 669
52 23 16
52 24 268
52 25 215
52 28 520
52 30 69
52 31 729
52 32 568
52 33 318
52 35 451
52 36 31
52 37 689
52 40 64
52 41 757
52 43 768
52 44 261
52 45 329
52 46 669
52 48 357
52 49 430
52 50 399
52 52 286
52 53 10
52 54 966
52 55 546
52 58 725
52 59 28
52 60 267
52 62 484
52 63 295
52 64 552
52 65 809
52 67 213
52 68 953
52 69 14
52 70 628
52 71 341
52 72 359
52 74 486
52 75 540
52 76 226
52 77 920
52 79 4
52 81 544
52 82 32
52 83 727
52 84 630
52 85 244
52 86 82
52 87 209
52 88 70
52 89 166
52 90 576
52 92 793
52 93 509
52 94 639
52 95 790
52 96 225
52 97 60
52 98 44
53 0 207
53 1 399
53 2 56
53 3 436
53 4 142
53 5 179
53 6 518
53 7 52
53 8 79
53 9 389
53 10 378
53 12 972
53 13 961
53 14 932
53 15 967
53 16 67
53 17 369
53 19 604
53 20 57
53 21 830
53 22 642
53 24 672
53 25 168
53 26 948
53 27 24
53 28 609
53 29 512
53 30 630
53 31 762
53 32 759
53 33 575
53 34 65
53 35 151
53 36 376
53 37 369
53 38 916
53 39 300
53 41 531
53 42 390
53 43 801
53 45 224
53 46 202
53 47 971
53 48 232
53 49 93
53 51 539
53 52 70
53 53 831
53 54 994
53 55 779
53 56 149
53 57 237
53 58 670
53 59 350
53 60 164
53 61 80
53 63 45
53 64 548
53 65 954
53 66 759
53 67 138
53 68 773
53 69 259
53 70 724
53 71 695
53 72 762
53 73 468
53 74 328
53 75 874
53 76 308
53 77 218
53 78 844
53 81 508
53 82 848
53 84 485
53 86 723
53 88 41
53 90 952
53 91 650
53 92 311
53 93 474
53 94 135
53 95 444
53 96 236
53 97 495
53 98 959
54 0 844
54 2 788
54 3 817
54 4 832
54 5 990
54 6 472
54 7 846
54 8 923
54 9 669
54 10 159
54 11 186
54 12 37
54 13 766
54 14 636
54 16 438
54 17 24
54 18 103
54 19 423
54 20 663
54 21 160
54 22 146
54 23 679
54 24 173
54 25 836
54 28 348
54 29 791
54 31 118
54 32 668
54 34 161
54 35 225
54 36 686
54 37 813
54 38 824
54 39 986
54 40 382
54 41 426
54 42 441
54 43 110
54 44 196
54 45 200
54 46 911
54 47 943
54 48 312
54 49 609
54 50 106
54 52 862
54 53 617
54 54 50
54 56 382
54 57 466
54 58 694
54 59 428
54 60 151
54 63 944
54 64 8
54 66 146
54 67 590
54 68 309
54 69 553
54 70 778
54 71 173
54 73 170
54 74 494
54 75 479
54 76 377
54 77 380
54 78 731
54 80 519
54 82 709
54 83 323
54 85 995
54 86 870
54 88 372
54 89 18
54 90 483
54 91 323
54 92 817
54 93 546
54 94 241
54 97 717
54 98 493
54 99 53
55 0 854
55 1 355
55 2 22
55 3 807
55 4 838
55 6 509
55 7 659
55 8 110
55 11 772
55 13 793
55 14 845
55 15 480
55 16 347
55 17 512
55 18 221
55 19 855
55 20 659
55 21 340
55 22 647
55 23 283
55 24 613
55 26 204
55 27 593
55 28 764
55 29 971
55 31 22
55 34 663
55 36 676
55 37 322
55 38 731
55 39 187
55 40 5
55 42 559
55 43 656
55 44 428
55 45 720
55 46 803
55 47 988
55 49 685
55 50 686
55 51 855
55 52 481
55 53 196
55 54 694
55 55 652
55 56 66
55 57 671
55 58 222
55 59 918
55 60 723
55 61 501
55 62 873
55 63 96
55 64 743
55 65 141
55 68 503
55 69 854
55 70 563
55 71 798
55 72 460
55 73 287
55 74 467
55 75 920
55 76 568
55 77 986
55 79 507
55 82 544
55 84 59
55 85 917
55 86 701
55 87 449
55 88 578
55 89 350
55 90 633
55 91 844
55 92 814
55 93 612
55 94 298
55 95 992
55 97 529
55 98 342
55 99 584
56 0 892
56 1 598
56 2 645
56 3 97
56 4 788
56 5 880
56 7 558
56 8 351
56 9 85
56 10 258
56 12 873
56 13 514
56 14 457
56 15 340
56 16 253
56 18 521
56 19 524
56 20 616
56 21 819
56 22 534
56 23 794
56 24 518
56 25 459
56 26 67
56 27 724
56 29 122
56 31 503
56 32 99
56 33 287
56 34 103
56 35 85
56 36 283
56 37 253
56 38 812
56 39 965
56 40 525
56 41 913
56 42 328
56 45 955
56 47 757
56 48 699
56 50 230
56 53 795
56 54 186
56 55 489
56 56 721
56 57 137
56 58 617
56 59 214
56 60 601
56 61 493
56 63 962
56 64 735
56 65 691
56 67 579
56 69 744
56 71 343
56 74 350
56 75 544
56 76 150
56 77 393
56 78 2
56 79 925
56 81 134
56 82 191
56 83 766
56 84 698
56 86 667
56 87 937
56 88 650
56 89 494
56 90 870
56 91 578
56 92 606
56 93 390
56 94 732
56 95 362
56 96 980
56 97 19
56 98 561
56 99 883
57 0 376
57 1 154
57 2 515
57 3 83
57 4 440
57 5 107
57 6 674
57 7 734
57 8 54
57 10 974
57 11 652
57 13 931
57 14 649
57 15 158
57 16 827
57 17 583
57 18 902
57 19 921
57 20 636
57 21 502
57 22 644
57 23 601
57 24 779
57 27 14
57 28 292
57 29 933
57 30 148
57 31 688
57 34 512
57 35 254
57 36 692
57 37 590
57 38 677
57 39 323
57 40 758
57 41 15
57 42 295
57 43 901
57 44 72
57 46 360
57 47 846
57 48 644
57 49 144
57 50 720
57 51 448
57 52 939
57 53 149
57 54 694
57 56 408
57 57 94
57 60 651
57 61 453
57 63 74
57 64 753
57 65 613
57 66 490
57 67 660
57 68 846
57 69 309
57 70 542
57 71 893
57 72 342
57 73 904
57 74 91
57 75 148
57 76 140
57 77 327
57 78 979
57 81 950
57 82 1
57 83 444
57 85 225
57 86 605
57 87 891
57 88 25
57 89 449
57 90 395
57 91 798
57 92 817
57 93 508
57 94 963
57 95 968
57 96 224
57 97 276
57 99 375
58 0 12
58 1 882
58 2 237
58 3 218
58 4 5
58 5 125
58 6 615
58 7 972
58 8 514
58 10 245
58 11 104
58 13 141
58 16 614
58 19 407
58 20 205
58 21 235
58 23 922
58 24 402
58 25 81
58 26 505
58 27 462
58 28 798
58 29 540
58 30 763
58 31 182
58 32 871
58 33 937
58 34 806
58 35 593
58 36 447
58 37 974
58 38 193
58 39 752
58 40 535
58 41 324
58 42 537
58 43 794
58 44 843
58 45 802
58 46 710
58 47 618
58 48 304
58 49 552
58 51 737
58 52 450
58 53 882
58 54 465
58 55 432
58 56 456
58 57 789
58 58 570
58 59 316
58 60 705
58 61 501
58 62 562
58 63 56
58 64 581
58 65 731
58 67 655
58 68 219
58 69 801
58 70 831
58 71 310
58 72 240
58 73 125
58 74 643
58 75 518
58 76 160
58 77 842
58 78 918
58 79 647
58 80 92
58 81 638
58 82 783
58 83 98
58 85 233
58 87 976
58 88 654
58 91 499
58 92 521
58 95 205
58 97 874
58 98 755
58 99 610
59 0 171
59 2 806
59 4 278
59 5 355
59 6 356
59 7 423
59 8 644
59 10 571
59 11 471
59 12 819
59 14 590
59 15 198
59 16 253
59 17 737
59 18 209
59 19 20
59 20 684
59 21 61
59 22 544
59 23 673
59 24 70
59 25 565
59 26 503
59 27 504
59 29 697
59 30 392
59 31 145
59 32 662
59 33 758
59 34 617
59 35 514
59 36 211
59 37 770
59 38 643
59 39 543
59 40 167
59 41 125
59 42 549
59 43 495
59 45 276
59 46 95
59 47 49
59 48 647
59 49 888
59 50 803
59 51 46
59 52 575
59 53 236
59 54 369
59 55 824
59 56 305
59 58 968
59 59 539
59 60 871
59 62 175
59 63 462
59 64 253
59 65 291
59 66 104
59 68 471
59 69 462
59 70 838
59 71 89
59 72 97
59 73 155
59 74 485
59 75 696
59 76 784
59 77 643
59 78 746
59 80 616
59 81 321
59 82 342
59 83 881
59 84 871
59 85 415
59 86 694
59 87 303
59 89 252
59 90 897
59 91 39
59 92 200
59 94 717
59 95 902
59 96 932
59 97 956
59 98 293
59 99 718
60 0 913
60 2 105
60 3 734
60 5 240
60 6 906
60 7 128
60 8 187
60 9 535
60 11 282
60 12 566
60 13 860
60 14 884
60 15 416
60 17 345
60 18 719
60 19 923
60 20 679
60 23 958
60 24 521
60 26 473
60 27 354
60 28 600
60 29 848
60 30 191
60 32 762
60 34 839
60 35 817
60 37 596
60 38 924
60 41 143
60 43 944
60 44 921
60 46 754
60 50 271
60 51 414
60 52 533
60 54 867
60 55 603
60 56 382
60 57 21
60 59 299
60 60 851
60 61 855
60 63 673
60 64 274
60 66 76
60 67 731
60 68 472
60 70 367
60 72 281
60 74 717
60 75 295
60 76 766
60 77 290
60 78 351
60 79 965
60 80 152
60 81 867
60 82 367
60 83 335
60 84 680
60 85 800
60 86 38
60 88 891
60 89 967
60 90 354
60 91 124
60 92 305
60 93 789
60 94 497
60 95 123
60 96 66
60 97 712
60 98 364
60 99 166
61 1 424
61 2 17
61 3 968
61 4 896
61 5 685
61 6 461
61 7 206
61 8 342
61 9 31
61 10 830
61 11 771
61 15 844
61 16 81
61 17 253
61 18 0
61 19 830
61 20 43
61 21 110
61 24 561
61 27 698
61 28 723
61 29 626
61 30 394
61 31 9
61 32 776
61 33 924
61 34 211
61 35 352
61 36 634
61 37 438
61 38 365
61 40 338
61 41 670
61 42 455
61 47 160
61 48 568
61 49 398
61 50 730
61 51 476
61 52 273
61 53 213
61 54 649
61 55 724
61 56 690
61 57 599
61 58 715
61 59 430
61 60 902
61 61 932
61 62 688
61 63 144
61 64 190
61 65 136
61 66 277
61 67 139
61 69 65
61 70 526
61 71 256
61 72 845
61 73 31
61 74 245
61 76 471
61 77 691
61 79 163
61 80 576
61 81 308
61 82 916
61 83 602
61 84 455
61 85 187
61 86 787
61 87 570
61 89 696
61 90 810
61 92 2
61 93 909
61 94 637
61 96 871
61 99 749
62 0 204
62 1 136
62 3 433
62 4 536
62 5 841
62 6 777
62 7 658
62 8 913
62 9 842
62 10 195
62 11 982
62 13 404
62 14 843
62 15 339
62 16 114
62 17 623
62 18 212
62 19 615
62 20 913
62 21 379
62 22 278
62 23 549
62 24 937
62 25 932
62 27 267
62 29 461
62 30 294
62 31 746
62 32 788
62 33 202
62 36 799
62 37 328
62 38 640
62 41 778
62 42 22
62 43 723
62 44 60
62 45 774
62 46 947
62 48 23
62 49 909
62 50 898
62 53 427
62 54 19
62 55 778
62 56 509
62 57 461
62 58 347
62 59 0
62 60 932
62 61 825
62 62 886
62 63 785
62 64 454
62 65 478
62 66 98
62 67 573
62 68 914
62 69 663
62 70 808
62 71 780
62 72 512
62 74 46
62 75 645
62 76 412
62 77 569
62 78 929
62 79 194
62 80 401
62 81 601
62 82 678
62 83 274
62 84 617
62 85 454
62 86 555
62 87 556
62 89 384
62 90 583
62 91 265
62 92 446
62 94 432
62 95 103
62 96 766
62 97 374
62 98 738
62 99 578
63 0 627
63 2 764
63 3 463
63 6 806
63 7 540
63 8 249
63 9 556
63 10 843
63 11 459
63 13 888
63 15 64
63 16 34
63 17 714
63 18 996
63 20 921
63 21 677
63 22 426
63 23 736
63 24 501
63 26 19
63 27 509
63 28 299
63 31 445
63 32 25
63 33 144
63 35 605
63 36 444
63 37 438
63 40 649
63 41 778
63 42 469
63 44 345
63 45 693
63 46 337
63 48 949
63 49 143
63 51 541
63 53 910
63 54 30
63 56 620
63 57 492
63 58 340
63 59 800
63 60 226
63 61 591
63 62 106
63 63 592
63 65 163
63 66 752
63 68 456
63 69 285
63 70 416
63 71 998
63 72 513
63 73 204
63 74 103
63 75 856
63 76 782
63 77 78
63 78 132
63 79 525
63 80 120
63 81 375
63 83 630
63 84 255
63 85 821
63 86 18
63 87 800
63 88 404
63 89 993
63 90 349
63 91 512
63 92 473
63 93 734
63 94 648
63 95 124
63 96 655
63 98 985
63 99 352
64 0 641
64 1 364
64 4 235
64 5 422
64 7 462
64 8 567
64 9 439
64 10 680
64 11 87
64 13 274
64 15 380
64 16 937
64 17 992
64 20 364
64 21 43
64 24 578
64 26 371
64 28 558
64 29 829
64 30 733
64 31 976
64 32 962
64 33 265
64 34 911
64 36 317
64 37 356
64 38 887
64 40 342
64 43 751
64 44 898
64 45 870
64 47 500
64 49 611
64 50 967
64 52 956
64 53 48
64 54 100
64 56 155
64 57 462
64 58 907
64 59 963
64 60 21
64 61 433
64 62 497
64 63 493
64 64 177
64 65 105
64 66 321
64 67 364
64 68 188
64 70 335
64 71 827
64 72 813
64 73 44
64 74 385
64 75 72
64 76 688
64 77 437
64 78 316
64 79 37
64 80 772
64 81 797
64 82 869
64 84 863
64 85 587
64 86 778
64 88 19
64 89 911
64 90 270
64 92 552
64 93 588
64 94 690
64 95 52
64 96 140
64 97 383
64 98 311
65 0 964
65 1 854
65 2 534
65 3 972
65 5 750
65 6 174
65 7 683
65 8 422
65 9 700
65 10 277
65 11 520
65 13 785
65 14 483
65 15 382
65 17 326
65 18 588
65 19 55
65 20 867
65 21 527
65 22 931
65 23 687
65 24 299
65 25 641
65 26 764
65 27 280
65 28 98
65 32 714
65 33 8
65 34 527
65 36 244
65 37 869
65 38 25
65 39 54
65 40 357
65 41 5
65 42 626
65 43 689
65 44 777
65 45 979
65 46 776
65 48 375
65 49 720
65 51 981
65 54 901
65 55 136
65 56 381
65 58 863
65 59 685
65 60 885
65 61 412
65 62 856
65 63 741
65 65 524
65 66 585
65 67 482
65 68 530
65 69 423
65 70 455
65 71 536
65 72 783
65 73 519
65 75 976
65 76 186
65 78 268
65 79 307
65 81 492
65 83 268
65 84 57
65 85 230
65 86 240
65 88 955
65 89 235
65 91 456
65 92 890
65 93 146
65 95 879
65 96 677
65 97 190
65 98 887
65 99 110
66 0 259
66 1 583
66 2 512
66 3 937
66 5 21
66 6 659
66 7 664
66 8 181
66 9 885
66 10 129
66 11 643
66 12 772
66 13 459
66 15 331
66 16 236
66 18 18
66 19 341
66 20 730
66 21 550
66 24 264
66 25 175
66 26 855
66 28 851
66 29 675
66 31 781
66 32 414
66 33 161
66 34 679
66 35 974
66 36 617
66 37 331
66 38 52
66 39 958
66 40 8
66 41 585
66 42 559
66 44 924
66 45 136
66 46 557
66 47 927
66 49 961
66 50 715
66 52 89
66 53 67
66 54 470
66 55 357
66 56 7
66 58 993
66 59 229
66 61 787
66 62 531
66 63 102
66 64 717
66 65 887
66 66 939
66 67 508
66 68 880
66 69 556
66 70 966
66 71 139
66 72 311
66 73 715
66 74 424
66 75 827
66 77 503
66 78 375
66 79 598
66 80 667
66 81 420
66 82 224
66 83 531
66 84 686
66 86 932
66 87 956
66 88 755
66 89 156
66 90 409
66 91 739
66 92 167
66 93 178
66 94 431
66 95 709
66 96 938
66 97 377
66 98 691
66 99 240
67 0 72
67 1 490
67 2 66
67 3 217
67 4 89
67 5 189
67 6 159
67 7 128
67 8 65
67 9 513
67 10 142
67 11 549
67 12 12
67 13 902
67 14 325
67 15 149
67 16 591
67 17 602
67 18 638
67 19 732
67 20 92
67 23 885
67 24 864
67 25 560
67 26 154
67 27 305
67 28 884
67 29 428
67 30 968
67 31 909
67 32 954
67 33 79
67 34 474
67 35 583
67 36 768
67 37 104
67 38 44
67 40 847
67 41 765
67 42 472
67 43 319
67 44 611
67 45 155
67 46 920
67 47 932
67 48 544
67 49 476
67 50 8
67 51 312
67 52 318
67 53 562
67 54 885
67 55 69
67 56 396
67 59 553
67 60 31
67 61 43
67 62 599
67 63 695
67 64 308
67 65 33
67 66 246
67 68 606
67 69 332
67 72 543
67 73 98
67 75 66
67 76 692
67 77 606
67 78 710
67 79 432
67 80 453
67 81 673
67 82 771
67 83 20
67 84 29
67 85 542
67 86 195
67 87 9
67 88 674
67 89 703
67 90 75
67 91 255
67 92 41
67 93 441
67 95 416
67 97 390
67 99 45
68 0 510
68 1 263
68 2 279
68 3 21
68 4 503
68 6 395
68 7 305
68 8 505
68 9 306
68 10 617
68 11 278
68 12 507
68 13 827
68 14 748
68 19 123
68 20 125
68 21 945
68 23 768
68 24 84
68 25 973
68 26 572
68 28 960
68 29 357
68 30 155
68 31 983
68 32 563
68 35 917
68 36 751
68 38 820
68 39 818
68 40 986
68 41 907
68 43 929
68 44 681
68 45 424
68 46 179
68 47 386
68 48 476
68 49 631
68 50 363
68 51 450
68 52 269
68 54 633
68 55 608
68 57 170
68 58 531
68 59 234
68 60 895
68 61 209
68 62 232
68 63 453
68 64 648
68 65 929
68 66 9
68 69 675
68 70 183
68 71 433
68 72 528
68 73 873
68 74 500
68 75 902
68 76 304
68 77 842
68 78 42
68 79 758
68 80 731
68 81 777
68 82 960
68 83 56
68 85 690
68 86 210
68 87 755
68 88 508
68 89 6
68 90 927
68 91 481
68 92 501
68 94 307
68 95 205
68 96 333
68 97 648
68 98 231
69 0 560
69 1 110
69 2 326
69 4 666
69 5 547
69 6 365
69 7 186
69 8 861
69 10 266
69 11 124
69 13 58
69 14 508
69 15 418
69 16 340
69 17 886
69 18 530
69 19 20
69 20 932
69 21 236
69 22 15
69 24 923
69 25 604
69 26 929
69 27 863
69 31 519
69 32 741
69 33 959
69 34 818
69 35 613
69 36 485
69 38 633
69 39 728
69 40 839
69 41 337
69 42 160
69 43 372
69 45 984
69 47 875
69 48 464
69 49 749
69 50 284
69 52 576
69 53 449
69 55 77
69 56 224
69 57 950
69 58 477
69 59 932
69 60 933
69 61 351
69 63 832
69 64 452
69 65 23
69 66 515
69 67 410
69 68 708
69 69 86
69 70 526
69 71 550
69 72 454
69 74 253
69 75 503
69 76 440
69 77 607
69 78 317
69 79 215
69 80 554
69 82 257
69 83 198
69 84 613
69 85 789
69 86 180
69 87 558
69 88 522
69 89 485
69 90 536
69 92 721
69 93 621
69 94 727
69 95 94
69 99 959
70 0 40
70 1 666
70 2 933
70 4 729
70 5 899
70 6 441
70 7 404
70 8 604
70 9 535
70 11 797
70 12 852
70 13 164
70 14 376
70 15 336
70 16 142
70 17 578
70 18 689
70 19 123
70 20 544
70 21 554
70 23 915
70 24 480
70 25 43
70 26 313
70 28 952
70 29 200
70 31 484
70 32 121
70 33 756
70 34 316
70 35 864
70 36 276
70 37 648
70 38 379
70 39 397
70 41 647
70 42 641
70 43 738
70 44 360
70 45 93
70 46 717
70 47 233
70 48 89
70 50 55
70 51 823
70 52 601
70 53 595
70 54 503
70 55 314
70 56 21
70 57 105
70 58 440
70 59 837
70 60 91
70 61 278
70 63 524
70 65 737
70 66 751
70 67 904
70 69 577
70 70 280
70 71 835
70 73 982
70 74 120
70 75 669
70 76 727
70 77 694
70 78 719
70 79 183
70 80 329
70 81 5
70 82 673
70 84 960
70 85 808
70 86 122
70 87 624
70 88 436
70 91 512
70 93 780
70 95 967
70 97 123
70 98 800
70 99 991
71 1 569
71 2 82
71 3 185
71 4 43
71 5 264
71 6 748
71 7 406
71 8 209
71 9 778
71 13 994
71 14 413
71 15 725
71 17 636
71 19 792
71 20 693
71 21 792
71 24 287
71 26 516
71 27 726
71 28 597
71 30 768
71 32 341
71 33 35
71 34 342
71 36 776
71 38 874
71 42 659
71 43 662
71 44 138
71 45 755
71 46 566
71 47 187
71 48 900
71 49 461
71 50 575
71 52 341
71 54 311
71 55 476
71 56 312
71 57 596
71 58 624
71 59 108
71 60 62
71 62 181
71 63 318
71 65 483
71 66 30
71 67 814
71 68 361
71 69 440
71 70 916
71 71 406
71 72 302
71 73 394
71 74 522
71 75 354
71 76 543
71 77 519
71 78 682
71 79 511
71 80 839
71 81 97
71 82 421
71 83 687
71 84 646
71 85 743
71 86 420
71 87 122
71 88 251
71 90 910
71 91 452
71 93 989
71 94 526
71 95 894
71 96 885
71 97 249
71 98 213
72 0 145
72 1 850
72 2 917
72 3 769
72 4 168
72 5 61
72 7 71
72 8 140
72 9 847
72 10 996
72 11 880
72 12 900
72 15 874
72 16 507
72 17 175
72 18 302
72 19 427
72 20 466
72 21 6
72 23 314
72 25 281
72 26 516
72 27 338
72 29 569
72 30 780
72 31 753
72 32 201
72 33 442
72 34 165
72 35 414
72 36 556
72 37 298
72 38 364
72 39 908
72 40 857
72 41 907
72 42 184
72 43 908
72 44 423
72 45 361
72 46 584
72 47 851
72 48 216
72 49 698
72 50 80
72 51 22
72 52 803
72 53 903
72 54 290
72 55 308
72 56 883
72 57 814
72 59 590
72 62 643
72 63 636
72 64 571
72 65 404
72 66 155
72 67 288
72 68 498
72 69 891
72 70 283
72 71 804
72 72 886
72 73 568
72 74 261
72 75 797
72 76 580
72 79 673
72 80 739
72 81 87
72 82 460
72 83 899
72 84 667
72 85 525
72 86 949
72 87 663
72 88 219
72 89 266
72 91 598
72 92 518
72 93 295
72 94 65
72 97 323
72 99 817
73 0 16
73 3 308
73 4 238
73 5 598
73 7 273
73 8 714
73 9 594
73 10 748
73 11 695
73 12 979
73 13 908
73 15 633
73 16 490
73 18 452
73 19 956
73 21 937
73 22 411
73 23 773
73 24 589
73 25 570
73 27 975
73 28 631
73 29 696
73 30 392
73 31 423
73 34 795
73 35 102
73 36 395
73 38 453
73 39 40
73 40 479
73 41 726
73 43 798
73 44 563
73 45 906
73 46 863
73 47 18
73 48 629
73 49 308
73 50 699
73 51 411
73 52 219
73 53 946
73 54 568
73 55 11
73 56 732
73 57 521
73 58 150
73 59 753
73 60 162
73 61 219
73 62 702
73 65 664
73 66 960
73 67 987
73 68 506
73 69 478
73 70 599
73 71 446
73 72 812
73 73 371
73 74 951
73 75 548
73 78 883
73 79 116
73 80 853
73 81 418
73 82 975
73 83 985
73 85 258
73 86 292
73 87 290
73 88 731
73 89 372
73 90 772
73 91 399
73 92 833
73 94 767
73 95 137
73 97 869
73 98 466
73 99 414
74 0 760
74 2 240
74 3 202
74 4 74
74 5 434
74 6 547
74 7 178
74 8 164
74 9 352
74 10 710
74 11 240
74 12 291
74 13 339
74 14 871
74 15 604
74 17 765
74 19 933
74 20 591
74 21 938
74 25 882
74 27 732
74 28 877
74 29 404
74 30 260
74 31 864
74 32 122
74 33 908
74 34 899
74 35 427
74 37 217
74 38 768
74 39 709
74 40 248
74 41 858
74 42 503
74 43 731
74 44 983
74 45 7
74 46 43
74 48 242
74 49 882
74 51 634
74 52 142
74 53 124
74 54 574
74 56 229
74 57 396
74 58 182
74 59 476
74 60 460
74 61 885
74 62 341
74 63 447
74 64 917
74 65 666
74 66 798
74 67 953
74 68 610
74 69 342
74 70 600
74 71 562
74 72 194
74 73 432
74 74 601
74 75 965
74 76 291
74 77 683
74 78 250
74 79 951
74 80 123
74 81 34
74 82 399
74 83 266
74 86 256
74 88 700
74 90 903
74 91 456
74 92 602
74 93 895
74 94 378
74 96 706
74 98 410
74 99 239
75 0 471
75 1 987
75 3 255
75 5 618
75 6 599
75 7 86
75 8 784
75 9 602
75 11 345
75 13 274
75 14 241
75 15 195
75 16 358
75 17 972
75 18 669
75 19 802
75 20 107
75 21 524
75 22 205
75 24 232
75 25 116
75 26 584
75 27 38
75 29 309
75 30 117
75 31 66
75 32 456
75 33 48
75 34 719
75 35 975
75 36 727
75 37 677
75 38 509
75 39 704
75 40 709
75 41 929
75 42 336
75 43 132
75 44 901
75 45 955
75 46 854
75 47 563
75 48 890
75 50 301
75 51 209
75 52 143
75 53 285
75 54 447
75 55 614
75 56 126
75 57 887
75 58 374
75 59 463
75 60 171
75 62 909
75 63 894
75 64 112
75 65 88
75 66 706
75 67 452
75 68 216
75 69 877
75 70 687
75 71 687
75 72 253
75 73 266
75 75 96
75 76 222
75 77 968
75 78 931
75 79 575
75 80 381
75 81 582
75 82 940
75 83 923
75 84 638
75 85 659
75 86 191
75 87 434
75 88 848
75 89 583
75 90 66
75 91 361
75 93 693
75 94 251
75 95 923
75 96 391
75 97 531
75 98 489
75 99 657
76 0 940
76 1 347
76 2 175
76 3 465
76 4 655
76 5 123
76 6 768
76 7 209
76 8 22
76 9 684
76 10 719
76 11 613
76 12 745
76 13 80
76 14 555
76 15 924
76 16 606
76 17 747
76 18 724
76 20 606
76 22 119
76 23 448
76 24 385
76 25 455
76 26 327
76 27 708
76 28 530
76 31 173
76 32 455
76 33 59
76 34 452
76 35 882
76 37 769
76 38 179
76 40 683
76 41 269
76 42 495
76 43 796
76 44 965
76 45 749
76 46 215
76 47 705
76 48 746
76 49 953
76 50 736
76 51 793
76 52 257
76 53 31
76 54 574
76 55 615
76 56 708
76 57 827
76 58 515
76 59 771
76 60 271
76 62 929
76 63 515
76 64 475
76 65 367
76 66 978
76 67 646
76 69 102
76 70 562
76 71 711
76 72 326
76 73 961
76 74 371
76 75 568
76 76 308
76 77 122
76 78 647
76 79 97
76 81 443
76 82 5
76 83 177
76 84 858
76 85 260
76 86 198
76 88 753
76 89 212
76 90 913
76 91 959
76 92 236
76 93 443
76 94 53
76 95 214
76 96 397
76 97 314
76 98 256
76 99 145
77 0 263
77 1 238
77 2 442
77 3 937
77 5 694
77 6 837
77 7 182
77 8 255
77 9 166
77 10 401
77 11 630
77 12 535
77 13 406
77 14 384
77 17 929
77 18 869
77 19 856
77 20 545
77 21 487
77 22 788
77 23 826
77 24 261
77 25 465
77 27 731
77 28 175
77 29 9
77 30 248
77 31 781
77 33 573
77 34 520
77 35 391
77 36 502
77 38 563
77 39 443
77 40 354
77 41 59
77 42 720
77 44 939
77 46 902
77 47 756
77 48 35
77 49 532
77 51 314
77 52 987
77 54 200
77 55 621
77 56 538
77 57 685
77 60 853
77 62 481
77 63 442
77 65 915
77 68 883
77 69 722
77 70 895
77 71 306
77 72 901
77 73 108
77 74 401
77 75 119
77 76 205
77 77 850
77 78 432
77 79 441
77 80 481
77 81 399
77 82 881
77 83 747
77 84 334
77 87 281
77 88 912
77 89 601
77 90 919
77 91 339
77 92 302
77 93 33
77 94 81
77 95 739
77 96 218
77 97 616
77 98 53
77 99 200
78 0 527
78 2 516
78 3 670
78 4 905
78 5 787
78 6 879
78 7 274
78 9 171
78 10 452
78 11 674
78 12 406
78 13 354
78 14 249
78 16 565
78 17 935
78 18 792
78 20 635
78 21 84
78 22 622
78 23 231
78 24 5
78 25 765
78 26 441
78 27 546
78 29 169
78 30 471
78 32 644
78 34 480
78 35 648
78 36 519
78 37 546
78 39 344
78 40 310
78 42 846
78 43 838
78 44 908
78 45 152
78 46 984
78 47 699
78 48 380
78 49 31
78 50 96
78 51 640
78 52 819
78 53 810
78 55 799
78 56 722
78 57 473
78 59 444
78 60 286
78 61 583
78 62 410
78 65 820
78 68 33
78 69 754
78 70 138
78 71 627
78 73 431
78 74 767
78 76 342
78 78 95
78 79 140
78 80 194
78 81 699
78 82 575
78 84 970
78 85 843
78 86 636
78 87 901
78 88 517
78 89 485
78 90 281
78 91 111
78 93 893
78 94 811
78 95 762
78 96 619
78 97 184
78 98 613
79 0 968
79 1 195
79 2 278
79 3 827
79 4 20
79 5 514
79 6 925
79 7 150
79 8 937
79 9 794
79 10 533
79 11 709
79 13 441
79 14 237
79 16 415
79 17 660
79 18 924
79 21 373
79 22 19
79 24 899
79 25 647
79 26 718
79 28 756
79 29 899
79 30 482
79 31 594
79 32 324
79 34 537
79 35 438
79 36 354
79 37 150
79 43 684
79 44 179
79 45 968
79 47 538
79 48 474
79 49 669
79 50 573
79 51 368
79 52 581
79 53 587
79 54 439
79 55 456
79 57 862
79 58 437
79 59 489
79 60 42
79 61 238
79 62 858
79 63 866
79 64 851
79 65 57
79 68 563
79 69 98
79 70 262
79 72 597
79 73 670
79 74 532
79 75 429
79 76 737
79 77 127
79 78 343
79 79 700
79 80 72
79 81 21
79 82 311
79 83 326
79 84 862
79 85 565
79 86 501
79 87 648
79 88 676
79 90 16
79 93 327
79 94 269
79 95 824
79 96 383
79 97 268
79 98 949
80 0 460
80 2 313
80 3 401
80 6 911
80 8 458
80 9 100
80 11 710
80 13 682
80 15 979
80 16 165
80 17 126
80 18 214
80 19 349
80 20 87
80 21 766
80 22 195
80 23 319
80 24 319
80 25 806
80 26 84
80 27 223
80 28 347
80 29 946
80 30 739
80 31 911
80 33 928
80 35 290
80 36 677
80 38 337
80 39 42
80 41 680
80 42 327
80 44 485
80 45 194
80 47 284
80 48 989
80 49 31
80 50 960
80 51 315
80 52 15
80 53 143
80 54 287
80 55 250
80 57 660
80 58 968
80 59 74
80 60 588
80 62 936
80 63 659
80 64 357
80 65 142
80 66 787
80 67 529
80 68 985
80 69 868
80 70 615
80 71 30
80 72 938
80 73 154
80 76 726
80 77 782
80 78 186
80 79 452
80 80 590
80 82 909
80 83 836
80 86 51
80 88 342
80 89 695
80 91 222
80 92 130
80 93 594
80 95 47
80 96 935
80 97 254
80 98 63
80 99 733
81 0 961
81 1 122
81 3 613
81 4 170
81 5 862
81 6 250
81 7 696
81 8 847
81 9 401
81 10 473
81 11 933
81 12 385
81 13 32
81 15 112
81 17 751
81 18 674
81 20 504
81 21 34
81 24 828
81 25 205
81 26 470
81 27 511
81 28 544
81 29 555
81 30 137
81 31 547
81 32 24
81 33 785
81 34 285
81 36 491
81 37 835
81 38 339
81 40 222
81 41 67
81 42 558
81 43 21
81 45 15
81 47 229
81 48 646
81 49 566
81 50 635
81 51 183
81 52 465
81 53 299
81 55 372
81 56 190
81 57 345
81 58 280
81 59 46
81 61 125
81 62 669
81 63 81
81 64 542
81 66 132
81 67 123
81 68 162
81 69 654
81 71 551
81 72 81
81 74 153
81 76 497
81 78 216
81 79 17
81 80 76
81 81 626
81 82 866
81 83 547
81 84 801
81 87 356
81 88 615
81 89 484
81 90 321
81 92 290
81 93 803
81 94 546
81 95 214
81 96 314
81 97 396
81 99 896
82 0 802
82 1 886
82 2 815
82 3 779
82 4 973
82 5 595
82 7 433
82 8 27
82 9 982
82 10 551
82 11 344
82 12 898
82 13 419
82 15 658
82 16 517
82 17 920
82 18 630
82 19 771
82 20 344
82 21 782
82 22 798
82 24 188
82 26 619
82 27 725
82 28 430
82 29 788
82 30 53
82 31 320
82 32 81
82 34 546
82 35 663
82 36 550
82 37 400
82 40 704
82 41 385
82 42 45
82 43 392
82 44 823
82 45 4
82 46 11
82 47 927
82 49 444
82 50 484
82 51 523
82 54 250
82 55 378
82 57 71
82 59 143
82 61 278
82 62 878
82 63 850
82 64 927
82 65 691
82 66 474
82 67 190
82 68 837
82 69 842
82 71 448
82 72 859
82 74 959
82 75 587
82 76 316
82 77 283
82 79 671
82 80 141
82 82 899
82 83 668
82 84 894
82 85 781
82 86 10
82 87 327
82 90 664
82 91 221
82 92 273
82 94 448
82 95 377
82 96 604
82 97 847
82 98 151
83 0 233
83 1 1
83 2 947
83 3 354
83 5 757
83 6 602
83 7 716
83 8 154
83 9 396
83 10 721
83 11 819
83 12 304
83 13 474
83 14 35
83 15 858
83 16 15
83 17 810
83 18 317
83 19 261
83 20 203
83 21 336
83 22 979
83 23 889
83 24 12
83 25 723
83 26 177
83 27 696
83 28 465
83 29 553
83 30 591
83 31 328
83 32 709
83 33 992
83 34 14
83 36 331
83 37 45
83 38 822
83 39 31
83 40 603
83 41 880
83 43 414
83 44 196
83 45 509
83 47 249
83 48 610
83 49 871
83 52 950
83 54 967
83 55 479
83 56 605
83 57 244
83 58 76
83 59 672
83 61 33
83 63 290
83 64 975
83 65 964
83 66 140
83 69 238
83 70 599
83 71 699
83 74 575
83 75 109
83 77 888
83 79 458
83 82 624
83 84 179
83 85 629
83 87 587
83 89 692
83 91 930
83 92 854
83 93 381
83 94 479
83 95 586
83 96 352
83 97 436
83 98 985
83 99 393
84 0 352
84 2 658
84 3 575
84 6 769
84 7 918
84 8 602
84 9 574
84 10 752
84 11 201
84 12 288
84 15 228
84 16 364
84 17 769
84 18 463
84 19 907
84 20 576
84 21 662
84 22 674
84 23 989
84 24 31
84 25 165
84 26 87
84 27 249
84 28 841
84 29 0
84 30 984
84 32 230
84 34 317
84 35 418
84 38 87
84 39 528
84 41 417
84 42 447
84 43 597
84 44 797
84 45 290
84 46 317
84 47 84
84 48 652
84 50 664
84 52 346
84 54 839
84 55 459
84 56 344
84 58 426
84 59 120
84 60 198
84 61 467
84 62 596
84 63 884
84 64 641
84 66 410
84 68 507
84 69 762
84 70 459
84 71 921
84 72 782
84 73 179
84 74 670
84 76 825
84 77 876
84 78 273
84 79 606
84 80 548
84 81 493
84 82 600
84 83 61
84 84 904
84 85 873
84 86 544
84 87 817
84 88 924
84 89 635
84 90 219
84 91 294
84 93 871
84 94 758
84 95 186
84 96 459
84 97 5
84 98 394
84 99 753
85 0 91
85 1 424
85 2 310
85 3 724
85 4 365
85 6 124
85 7 891
85 9 561
85 10 151
85 11 921
85 12 847
85 13 628
85 14 22
85 15 475
85 16 993
85 17 317
85 18 4
85 19 311
85 20 324
85 21 46
85 23 775
85 26 354
85 27 66
85 28 25
85 29 673
85 32 21
85 33 458
85 34 321
85 35 30
85 36 350
85 37 613
85 38 963
85 39 199
85 40 833
85 41 78
85 42 623
85 43 970
85 45 271
85 46 350
85 47 46
85 48 128
85 49 454
85 51 846
85 52 410
85 53 693
85 54 257
85 55 620
85 56 6
85 57 835
85 60 937
85 61 280
85 62 882
85 63 64
85 64 475
85 65 993
85 66 499
85 67 299
85 68 821
85 69 11
85 70 646
85 71 170
85 72 549
85 73 645
85 74 783
85 76 96
85 77 371
85 78 730
85 79 534
85 80 731
85 81 146
85 82 778
85 83 954
85 84 918
85 85 17
85 86 689
85 88 34
85 89 486
85 90 884
85 92 988
85 93 64
85 94 159
85 95 628
85 96 69
85 99 611
86 0 22
86 1 895
86 2 15
86 3 691
86 4 277
86 5 683
86 6 886
86 7 234
86 9 204
86 10 757
86 11 535
86 12 907
86 14 504
86 15 0
86 17 913
86 19 118
86 21 554
86 22 386
86 23 839
86 25 90
86 26 882
86 27 465
86 28 965
86 29 397
86 30 472
86 31 671
86 32 200
86 33 21
86 34 47
86 36 663
86 37 829
86 38 569
86 39 554
86 40 335
86 41 782
86 42 617
86 43 6
86 45 725
86 46 911
86 49 979
86 50 613
86 51 248
86 53 174
86 54 480
86 55 655
86 56 466
86 57 64
86 58 708
86 60 376
86 62 282
86 64 792
86 65 789
86 66 207
86 67 866
86 68 79
86 69 834
86 70 829
86 71 853
86 72 426
86 75 681
86 76 69
86 77 813
86 78 462
86 79 530
86 80 692
86 81 615
86 82 128
86 84 384
86 85 661
86 86 310
86 87 866
86 88 351
86 89 406
86 90 588
86 92 656
86 93 130
86 94 67
86 95 728
86 96 566
86 97 643
86 98 882
86 99 817
87 0 157
87 1 205
87 2 790
87 3 335
87 5 795
87 6 712
87 8 577
87 9 899
87 10 44
87 11 527
87 12 927
87 13 516
87 14 722
87 15 257
87 16 9
87 17 722
87 18 681
87 19 98
87 20 306
87 22 476
87 24 501
87 25 885
87 27 462
87 28 18
87 29 155
87 30 92
87 31 448
87 32 135
87 35 526
87 36 311
87 37 546
87 39 951
87 41 245
87 42 757
87 44 909
87 45 675
87 46 376
87 47 559
87 49 889
87 52 266
87 53 20
87 55 313
87 57 402
87 58 954
87 59 259
87 60 274
87 61 273
87 62 256
87 63 918
87 65 748
87 66 338
87 67 759
87 68 750
87 69 17
87 70 748
87 71 51
87 72 186
87 73 645
87 74 813
87 75 900
87 76 398
87 77 139
87 78 801
87 79 958
87 80 146
87 82 470
87 83 199
87 84 708
87 85 658
87 87 734
87 88 153
87 89 781
87 90 566
87 91 408
87 92 878
87 93 822
87 95 56
87 96 735
87 97 121
87 98 80
87 99 765
88 0 847
88 1 980
88 2 145
88 4 37
88 5 546
88 6 659
88 7 778
88 8 182
88 9 965
88 12 435
88 13 520
88 14 533
88 15 809
88 17 720
88 19 589
88 20 86
88 22 334
88 24 109
88 25 713
88 26 125
88 27 480
88 28 690
88 29 851
88 31 980
88 34 762
88 35 11
88 36 573
88 37 284
88 38 703
88 39 80
88 40 169
88 41 760
88 42 506
88 43 73
88 44 211
88 45 67
88 46 573
88 47 649
88 48 841
88 50 719
88 51 504
88 52 725
88 54 523
88 55 922
88 57 373
88 58 202
88 59 881
88 60 572
88 61 48
88 62 547
88 63 73
88 64 917
88 65 22
88 66 354
88 67 534
88 68 314
88 69 574
88 70 639
88 71 261
88 72 483
88 74 357
88 77 679
88 78 160
88 79 194
88 80 432
88 81 253
88 82 55
88 83 475
88 84 92
88 85 606
88 86 838
88 87 935
88 88 661
88 89 377
88 90 699
88 91 41
88 92 359
88 93 956
88 94 232
88 95 66
88 96 531
88 97 724
88 98 567
88 99 579
89 0 137
89 1 363
89 2 938
89 4 942
89 5 475
89 6 413
89 7 512
89 8 817
89 11 486
89 13 186
89 14 437
89 15 689
89 16 123
89 17 438
89 18 479
89 20 817
89 21 151
89 23 294
89 24 928
89 25 517
89 26 719
89 28 538
89 29 555
89 30 744
89 32 838
89 33 483
89 35 151
89 36 770
89 38 453
89 39 724
89 40 492
89 41 491
89 42 251
89 43 583
89 44 897
89 45 810
89 46 101
89 47 353
89 50 772
89 51 56
89 52 402
89 53 779
89 54 196
89 58 307
89 59 132
89 60 651
89 61 176
89 62 552
89 63 781
89 64 344
89 65 453
89 66 752
89 67 951
89 68 466
89 69 412
89 70 206
89 71 743
89 72 794
89 73 869
89 75 836
89 76 166
89 78 969
89 81 863
89 82 830
89 83 349
89 84 414
89 85 817
89 86 520
89 87 452
89 88 543
89 89 203
89 90 967
89 92 305
89 93 765
89 94 336
89 95 118
89 96 95
89 97 225
89 98 176
89 99 276
90 0 478
90 2 481
90 3 300
90 4 165
90 5 543
90 6 1
90 7 906
90 8 724
90 9 725
90 10 398
90 11 347
90 13 92
90 14 185
90 15 800
90 17 430
90 19 483
90 20 907
90 24 494
90 26 720
90 28 495
90 29 765
90 30 302
90 31 643
90 33 360
90 34 354
90 36 115
90 38 858
90 40 496
90 41 177
90 43 520
90 44 573
90 45 761
90 46 309
90 47 323
90 48 883
90 49 924
90 50 254
90 51 43
90 52 82
90 54 157
90 56 257
90 57 376
90 58 515
90 60 965
90 62 955
90 63 519
90 65 567
90 66 574
90 67 979
90 69 844
90 70 421
90 71 539
90 72 260
90 74 785
90 76 33
90 77 287
90 79 315
90 80 185
90 83 555
90 84 177
90 86 678
90 88 575
90 89 189
90 90 952
90 91 138
90 92 81
90 93 675
90 94 27
90 95 240
90 97 499
90 98 629
90 99 471
91 0 338
91 1 211
91 3 77
91 4 626
91 5 768
91 6 695
91 7 288
91 8 992
91 9 151
91 11 149
91 12 61
91 14 288
91 15 783
91 16 771
91 19 573
91 20 540
91 21 803
91 22 854
91 23 437
91 24 27
91 25 555
91 29 286
91 30 288
91 31 610
91 32 245
91 35 261
91 36 621
91 38 840
91 39 127
91 40 25
91 41 177
91 42 511
91 43 366
91 44 383
91 45 277
91 47 517
91 48 997
91 49 479
91 50 727
91 51 722
91 52 29
91 53 812
91 54 658
91 55 430
91 57 27
91 59 942
91 60 184
91 61 446
91 63 109
91 64 321
91 66 953
91 67 605
91 68 880
91 69 32
91 71 515
91 72 230
91 73 47
91 74 990
91 76 71
91 78 181
91 79 397
91 80 995
91 81 441
91 82 326
91 84 312
91 85 353
91 87 70
91 89 945
91 91 549
91 92 744
91 93 260
91 94 153
91 95 128
91 96 344
91 97 197
91 99 851
92 1 190
92 2 63
92 3 771
92 4 23
92 5 806
92 6 814
92 7 312
92 8 53
92 9 677
92 10 402
92 11 413
92 13 108
92 14 638
92 15 577
92 16 52
92 19 845
92 20 429
92 21 129
92 22 400
92 23 365
92 25 108
92 26 770
92 27 667
92 28 12
92 29 503
92 32 588
92 33 754
92 34 259
92 36 330
92 37 485
92 38 58
92 39 152
92 40 947
92 41 758
92 43 554
92 46 459
92 47 672
92 48 979
92 49 886
92 50 435
92 51 814
92 52 921
92 53 890
92 54 188
92 55 120
92 56 956
92 58 693
92 59 758
92 60 943
92 61 297
92 62 68
92 63 626
92 64 295
92 66 49
92 67 992
92 68 212
92 69 279
92 70 781
92 71 427
92 72 426
92 73 40
92 74 591
92 75 921
92 76 949
92 77 506
92 80 325
92 81 110
92 82 122
92 83 300
92 84 967
92 85 227
92 86 18
92 87 803
92 89 38
92 90 596
92 91 113
92 92 585
92 93 13
92 94 817
92 95 783
92 96 476
92 97 914
92 98 11
93 1 216
93 4 368
93 6 970
93 7 739
93 8 56
93 10 849
93 11 284
93 15 369
93 16 88
93 17 512
93 18 515
93 19 962
93 20 274
93 21 629
93 22 33
93 23 202
93 24 510
93 25 615
93 26 134
93 28 284
93 30 764
93 33 898
93 35 465
93 36 36
93 37 532
93 38 748
93 39 605
93 40 451
93 41 576
93 42 186
93 43 285
93 44 458
93 45 674
93 46 312
93 47 661
93 48 692
93 49 93
93 50 430
93 51 982
93 52 352
93 53 836
93 54 589
93 55 540
93 56 673
93 57 815
93 59 377
93 60 227
93 61 423
93 62 630
93 63 446
93 64 889
93 65 866
93 66 451
93 67 750
93 68 496
93 69 350
93 70 724
93 71 737
93 72 295
93 73 387
93 74 915
93 75 873
93 76 846
93 77 370
93 78 793
93 79 965
93 81 226
93 82 499
93 83 63
93 84 194
93 85 72
93 86 773
93 87 903
93 88 809
93 89 883
93 92 242
93 93 28
93 94 588
93 95 873
93 96 319
93 97 832
93 98 852
93 99 184
94 0 303
94 1 519
94 2 978
94 3 308
94 4 301
94 6 994
94 7 61
94 8 553
94 9 129
94 10 171
94 11 158
94 12 436
94 13 395
94 14 598
94 15 59
94 17 118
94 18 103
94 19 78
94 20 128
94 21 373
94 22 714
94 23 904
94 24 846
94 25 717
94 26 49
94 27 171
94 28 692
94 29 823
94 31 952
94 32 319
94 33 939
94 34 703
94 35 203
94 36 269
94 37 471
94 38 840
94 39 27
94 40 484
94 41 527
94 43 226
94 44 77
94 45 432
94 46 248
94 47 296
94 48 890
94 49 816
94 50 598
94 52 3
94 53 774
94 55 874
94 58 995
94 59 109
94 60 160
94 62 84
94 63 640
94 65 971
94 66 11
94 67 808
94 68 648
94 69 187
94 70 601
94 71 904
94 72 858
94 73 73
94 75 509
94 76 237
94 78 39
94 79 163
94 80 343
94 81 316
94 82 445
94 84 924
94 85 443
94 86 215
94 87 858
94 88 825
94 89 607
94 90 887
94 91 736
94 92 597
94 93 746
94 94 446
94 95 542
94 96 44
94 97 752
94 98 410
95 1 328
95 2 310
95 3 578
95 4 88
95 5 411
95 8 386
95 9 356
95 11 241
95 12 152
95 13 230
95 15 391
95 16 529
95 17 584
95 18 357
95 19 54
95 20 171
95 21 974
95 22 26
95 24 145
95 25 594
95 26 692
95 31 23
95 32 912
95 33 339
95 34 177
95 36 746
95 37 224
95 39 139
95 41 54
95 42 989
95 44 956
95 45 365
95 46 15
95 47 15
95 48 42
95 49 600
95 51 425
95 53 701
95 54 163
95 56 24
95 57 35
95 59 589
95 60 765
95 61 862
95 63 305
95 64 516
95 65 263
95 66 59
95 67 767
95 68 892
95 70 898
95 73 70
95 75 368
95 76 919
95 77 433
95 78 94
95 81 142
95 82 10
95 83 240
95 84 391
95 85 532
95 86 910
95 87 640
95 89 70
95 91 413
95 93 936
95 95 905
95 96 816
95 97 311
95 99 298
96 0 340
96 1 691
96 2 973
96 3 942
96 4 702
96 5 501
96 6 415
96 7 765
96 8 918
96 9 632
96 10 905
96 11 852
96 12 141
96 13 731
96 14 669
96 15 288
96 16 199
96 17 533
96 18 146
96 19 674
96 21 409
96 22 491
96 23 709
96 24 117
96 25 119
96 26 986
96 28 817
96 29 720
96 30 835
96 31 475
96 32 214
96 33 83
96 35 626
96 38 5
96 39 923
96 40 750
96 41 499
96 42 90
96 43 8
96 44 424
96 45 286
96 46 974
96 47 431
96 48 171
96 49 611
96 50 689
96 51 376
96 52 262
96 53 771
96 54 862
96 55 624
96 56 121
96 57 282
96 58 483
96 59 692
96 60 354
96 63 607
96 64 598
96 65 742
96 67 15
96 68 345
96 69 573
96 70 810
96 71 93
96 72 465
96 73 814
96 76 739
96 77 351
96 78 477
96 79 949
96 80 41
96 81 29
96 82 945
96 83 744
96 84 691
96 85 8
96 86 728
96 87 339
96 88 384
96 89 831
96 90 439
96 91 707
96 92 94
96 93 299
96 94 547
96 95 692
96 96 737
96 97 306
96 98 250
96 99 205
97 0 636
97 1 355
97 3 346
97 4 214
97 5 558
97 7 593
97 8 885
97 9 636
97 10 975
97 11 604
97 12 138
97 13 948
97 14 725
97 15 587
97 16 876
97 18 621
97 19 399
97 20 93
97 21 445
97 22 681
97 23 171
97 25 172
97 26 380
97 27 472
97 28 758
97 30 279
97 31 492
97 32 176
97 33 152
97 34 184
97 35 488
97 36 810
97 37 589
97 38 935
97 39 800
97 40 999
97 41 345
97 42 838
97 43 485
97 45 758
97 46 708
97 48 38
97 49 715
97 50 449
97 51 406
97 52 465
97 53 452
97 54 343
97 55 517
97 57 17
97 58 10
97 59 566
97 60 195
97 61 245
97 62 952
97 63 346
97 64 351
97 65 693
97 66 326
97 68 618
97 69 578
97 70 815
97 71 632
97 72 906
97 73 707
97 74 112
97 76 265
97 78 840
97 79 54
97 80 153
97 81 75
97 82 502
97 83 218
97 85 91
97 86 814
97 88 645
97 89 165
97 90 20
97 91 437
97 92 731
97 95 492
97 96 742
97 97 696
97 98 50
97 99 654
98 0 842
98 1 255
98 2 643
98 3 338
98 4 590
98 5 672
98 6 978
98 7 284
98 8 542
98 10 695
98 11 613
98 12 520
98 13 413
98 14 240
98 17 970
98 18 528
98 19 592
98 20 283
98 21 704
98 22 540
98 23 675
98 24 296
98 25 863
98 26 944
98 27 305
98 28 904
98 29 219
98 30 290
98 32 614
98 33 960
98 34 412
98 35 421
98 36 504
98 37 180
98 39 669
98 40 93
98 41 694
98 42 70
98 43 701
98 44 978
98 45 450
98 46 344
98 47 776
98 48 136
98 49 334
98 51 220
98 52 107
98 53 246
98 54 896
98 55 206
98 56 958
98 57 805
98 58 781
98 59 771
98 60 500
98 61 546
98 62 245
98 64 323
98 65 671
98 66 509
98 67 651
98 68 198
98 69 570
98 70 220
98 72 912
98 73 165
98 74 781
98 75 91
98 76 523
98 77 763
98 78 658
98 79 157
98 80 737
98 81 156
98 82 879
98 84 462
98 86 189
98 87 928
98 88 893
98 89 891
98 90 377
98 91 913
98 92 330
98 93 646
98 94 918
98 95 381
98 97 178
98 98 198
98 99 376
99 0 566
99 1 62
99 2 54
99 3 972
99 4 794
99 5 384
99 6 479
99 7 663
99 8 544
99 9 35
99 10 968
99 11 348
99 13 269
99 14 599
99 16 204
99 19 357
99 20 665
99 21 840
99 22 332
99 23 302
99 24 712
99 25 665
99 27 807
99 29 548
99 31 343
99 32 807
99 33 655
99 35 832
99 36 975
99 37 765
99 38 320
99 39 721
99 41 804
99 42 990
99 43 980
99 44 400
99 45 730
99 47 892
99 48 881
99 49 59
99 51 88
99 52 769
99 53 902
99 55 262
99 56 313
99 57 113
99 58 154
99 60 342
99 61 29
99 63 739
99 64 291
99 66 955
99 67 104
99 70 563
99 71 801
99 72 930
99 73 788
99 74 255
99 75 798
99 76 682
99 77 347
99 78 167
99 79 442
99 80 44
99 81 182
99 82 223
99 84 923
99 86 751
99 87 628
99 88 95
99 90 420
99 94 672
99 95 610
99 96 559
99 97 764
99 98 856
99 99 632
