100 4100
0 0 82
0 1 720
0 2 105
0 4 685
0 5 125
0 7 785
0 8 479
0 10 731
0 11 263
0 12 575
0 19 78
0 20 26
0 22 704
0 23 694
0 25 758
0 26 38
0 28 788
0 34 190
0 35 3
0 36 689
0 37 184
0 38 943
0 41 230
0 42 166
0 43 533
0 44 234
0 46 276
0 49 725
0 52 213
0 54 601
0 57 395
0 58 67
0 63 947
0 72 744
0 73 502
0 78 178
0 79 648
0 83 44
0 84 206
0 86 968
0 87 768
0 90 897
0 91 10
0 92 578
0 93 213
0 95 514
0 99 320
1 0 936
1 2 886
1 4 405
1 7 747
1 8 234
1 12 322
1 14 387
1 15 67
1 16 64
1 17 44
1 18 202
1 22 123
1 28 85
1 29 523
1 32 501
1 33 964
1 36 477
1 39 238
1 45 83
1 47 443
1 48 260
1 54 283
1 58 80
1 59 615
1 60 198
1 61 787
1 63 22
1 75 107
1 83 515
1 86 544
1 92 396
1 96 967
2 0 909
2 1 733
2 2 943
2 6 530
2 7 265
2 8 752
2 9 590
2 12 425
2 14 572
2 16 68
2 23 815
2 29 301
2 30 363
2 31 556
2 34 603
2 36 122
2 38 692
2 39 307
2 41 214
2 42 800
2 44 617
2 47 555
2 48 652
2 50 531
2 53 155
2 54 255
2 55 529
2 57 839
2 64 518
2 67 406
2 69 449
2 70 537
2 71 271
2 74 102
2 75 428
2 76 848
2 77 165
2 78 266
2 80 822
2 83 222
2 84 9
2 85 444
2 88 77
2 94 316
2 95 733
2 96 594
2 98 14
2 99 629
3 0 158
3 1 249
3 7 955
3 8 698
3 19 229
3 23 851
3 28 101
3 29 990
3 30 359
3 31 88
3 33 176
3 34 880
3 35 468
3 37 716
3 38 781
3 39 591
3 42 558
3 43 600
3 46 634
3 47 671
3 48 279
3 49 777
3 50 963
3 57 186
3 58 425
3 60 33
3 61 349
3 64 945
3 67 989
3 70 355
3 71 396
3 73 104
3 75 693
3 79 316
3 80 660
3 82 495
3 83 423
3 89 666
3 93 29
3 95 537
3 96 218
3 97 44
4 2 620
4 3 830
4 4 119
4 7 282
4 14 445
4 17 546
4 20 743
4 21 619
4 25 527
4 26 860
4 30 99
4 36 868
4 41 899
4 44 249
4 48 219
4 51 329
4 53 930
4 54 284
4 56 586
4 58 673
4 59 559
4 62 405
4 63 859
4 64 780
4 67 424
4 68 187
4 71 212
4 74 933
4 75 544
4 78 998
4 79 811
4 80 233
4 82 179
4 84 486
4 98 231
5 0 199
5 3 547
5 4 421
5 6 719
5 11 668
5 13 876
5 15 30
5 16 442
5 17 728
5 21 864
5 23 228
5 24 425
5 25 377
5 26 750
5 29 140
5 31 685
5 35 959
5 39 272
5 40 23
5 41 723
5 42 562
5 44 782
5 45 691
5 48 914
5 49 957
5 52 253
5 53 992
5 54 854
5 55 71
5 56 463
5 57 851
5 59 583
5 60 464
5 62 639
5 63 160
5 65 168
5 69 433
5 73 323
5 74 452
5 75 757
5 76 769
5 77 481
5 87 538
5 89 847
5 91 967
5 95 933
6 3 59
6 5 227
6 8 885
6 11 96
6 16 877
6 19 262
6 21 563
6 28 6
6 30 212
6 31 197
6 33 270
6 34 260
6 35 455
6 39 280
6 41 750
6 42 510
6 43 310
6 44 289
6 51 241
6 52 420
6 57 779
6 60 45
6 61 812
6 67 915
6 70 945
6 78 237
6 80 598
6 84 621
6 85 694
6 86 604
6 89 395
6 90 875
6 91 274
6 94 108
6 95 475
6 97 465
7 0 294
7 4 420
7 5 383
7 6 929
7 7 326
7 8 21
7 9 433
7 10 150
7 11 938
7 15 656
7 18 16
7 21 465
7 22 279
7 23 254
7 25 652
7 27 900
7 28 945
7 29 973
7 30 857
7 32 912
7 34 844
7 36 197
7 37 437
7 38 298
7 39 557
7 41 882
7 45 604
7 48 696
7 55 617
7 56 200
7 57 260
7 59 574
7 60 575
7 61 210
7 63 62
7 64 370
7 68 20
7 69 963
7 72 951
7 73 297
7 76 582
7 80 192
7 81 289
7 82 866
7 84 576
7 85 683
7 86 173
7 87 344
7 88 235
7 95 229
7 99 659
8 1 776
8 3 521
8 11 750
8 12 747
8 14 871
8 15 766
8 16 310
8 17 474
8 19 861
8 20 898
8 22 680
8 24 7
8 25 131
8 29 888
8 31 57
8 32 311
8 33 160
8 34 104
8 35 373
8 38 768
8 39 556
8 40 976
8 41 354
8 42 55
8 48 489
8 50 709
8 51 371
8 53 785
8 54 414
8 57 973
8 58 378
8 59 628
8 60 714
8 61 880
8 70 613
8 71 725
8 72 503
8 73 96
8 74 953
8 75 840
8 77 314
8 78 193
8 81 12
8 84 290
8 85 667
8 87 926
8 88 701
8 89 527
8 90 668
8 92 913
8 97 512
9 1 52
9 3 949
9 6 584
9 7 340
9 8 685
9 9 955
9 10 873
9 17 629
9 21 692
9 22 17
9 23 411
9 24 207
9 27 386
9 28 272
9 29 412
9 32 84
9 33 772
9 42 762
9 43 342
9 51 432
9 52 910
9 57 895
9 60 805
9 62 632
9 63 469
9 64 464
9 65 636
9 67 64
9 72 778
9 75 956
9 77 402
9 81 954
9 83 272
9 84 6
9 87 430
9 89 304
9 92 41
9 94 652
9 95 745
9 97 985
9 99 659
10 2 568
10 9 471
10 12 523
10 14 475
10 15 573
10 19 171
10 20 511
10 23 184
10 26 357
10 34 121
10 36 238
10 38 129
10 39 643
10 41 329
10 42 555
10 44 599
10 47 545
10 51 461
10 56 596
10 61 425
10 63 286
10 66 316
10 67 173
10 69 618
10 71 888
10 73 122
10 76 44
10 77 582
10 83 282
10 84 831
10 85 903
10 89 901
10 90 408
10 91 987
10 95 705
10 96 828
10 97 814
10 98 560
10 99 259
11 0 239
11 1 146
11 2 515
11 4 244
11 7 430
11 9 303
11 11 797
11 18 405
11 19 378
11 21 637
11 23 440
11 24 432
11 25 467
11 26 867
11 34 318
11 37 275
11 38 825
11 39 844
11 42 939
11 46 661
11 47 145
11 48 715
11 50 29
11 55 207
11 56 847
11 58 203
11 60 986
11 61 867
11 68 493
11 70 22
11 75 841
11 79 428
11 85 154
11 88 807
11 89 654
11 91 823
11 95 944
11 96 736
11 99 457
12 0 150
12 1 595
12 4 525
12 5 431
12 9 226
12 11 295
12 18 686
12 24 62
12 25 455
12 31 2
12 33 280
12 35 192
12 38 635
12 39 352
12 40 840
12 44 813
12 45 458
12 47 471
12 49 0
12 50 611
12 52 144
12 54 209
12 55 295
12 57 976
12 60 17
12 68 954
12 69 612
12 73 189
12 74 632
12 75 247
12 77 810
12 78 903
12 79 219
12 81 705
12 83 230
12 86 129
12 92 727
12 93 422
12 94 175
12 96 829
12 97 424
12 99 265
13 1 979
13 3 919
13 4 904
13 5 217
13 6 242
13 11 381
13 12 729
13 14 699
13 15 551
13 16 41
13 17 949
13 18 284
13 19 221
13 22 993
13 26 591
13 27 70
13 30 107
13 32 505
13 37 850
13 42 790
13 43 374
13 44 972
13 52 864
13 55 442
13 59 233
13 60 765
13 62 902
13 69 158
13 71 921
13 72 566
13 73 333
13 74 264
13 75 749
13 76 197
13 78 387
13 81 235
13 82 9
13 85 16
13 86 267
13 87 831
13 88 699
13 93 555
13 95 535
13 98 809
14 2 169
14 5 693
14 10 22
14 11 59
14 13 647
14 17 585
14 19 712
14 20 531
14 21 931
14 22 151
14 23 581
14 25 585
14 26 170
14 28 984
14 32 558
14 34 149
14 43 274
14 45 709
14 47 196
14 49 449
14 50 482
14 52 233
14 55 501
14 57 81
14 59 261
14 60 704
14 61 386
14 63 802
14 64 968
14 65 568
14 66 799
14 68 125
14 70 983
14 71 220
14 74 2
14 76 358
14 78 535
14 81 43
14 83 442
14 85 15
14 91 593
14 92 551
14 95 67
14 96 55
15 2 857
15 4 132
15 5 915
15 8 929
15 11 93
15 12 367
15 14 469
15 18 611
15 20 436
15 24 753
15 30 892
15 31 509
15 34 507
15 36 48
15 40 598
15 41 135
15 43 549
15 47 841
15 49 332
15 50 149
15 56 172
15 58 358
15 61 596
15 62 496
15 65 9
15 74 358
15 76 797
15 79 738
15 80 218
15 81 542
15 85 943
15 90 954
15 94 882
15 96 648
16 4 94
16 6 931
16 8 627
16 14 302
16 16 312
16 17 346
16 20 685
16 22 736
16 24 430
16 26 121
16 29 818
16 30 242
16 38 864
16 39 705
16 40 716
16 43 548
16 44 654
16 46 324
16 47 102
16 48 797
16 49 917
16 50 665
16 54 595
16 55 621
16 56 45
16 57 545
16 59 66
16 60 110
16 62 14
16 64 311
16 65 152
16 66 997
16 68 740
16 70 337
16 72 292
16 73 843
16 74 410
16 76 706
16 80 166
16 86 693
16 95 973
16 98 498
17 0 828
17 2 787
17 5 457
17 9 438
17 13 274
17 14 220
17 15 538
17 18 186
17 20 189
17 22 750
17 23 120
17 27 671
17 28 730
17 29 124
17 30 692
17 31 1
17 32 684
17 35 373
17 38 118
17 40 500
17 41 771
17 45 747
17 46 454
17 49 714
17 55 338
17 59 311
17 61 231
17 62 594
17 64 880
17 66 663
17 67 879
17 75 716
17 76 804
17 77 224
17 83 534
17 85 661
17 89 883
17 92 325
17 93 200
17 94 134
18 1 171
18 3 998
18 5 761
18 6 745
18 10 306
18 15 664
18 16 968
18 19 877
18 27 356
18 29 87
18 30 388
18 33 654
18 38 775
18 39 286
18 40 162
18 42 34
18 45 937
18 46 949
18 47 269
18 48 340
18 49 317
18 50 813
18 51 584
18 59 224
18 60 734
18 61 220
18 63 312
18 65 702
18 66 128
18 69 375
18 71 97
18 73 542
18 74 816
18 75 881
18 76 284
18 78 642
18 81 750
18 88 869
18 96 70
18 97 810
18 99 631
19 0 303
19 1 37
19 2 258
19 6 576
19 11 953
19 14 578
19 16 527
19 20 102
19 22 84
19 26 587
19 28 622
19 33 712
19 36 629
19 37 220
19 38 923
19 41 260
19 43 871
19 44 913
19 45 529
19 46 984
19 47 488
19 51 314
19 52 88
19 53 527
19 62 921
19 63 86
19 64 374
19 65 231
19 69 923
19 72 433
19 73 526
19 76 72
19 77 347
19 83 351
19 91 270
19 92 576
19 93 844
19 94 905
19 98 546
20 0 353
20 1 342
20 5 932
20 8 524
20 12 833
20 14 564
20 16 914
20 18 883
20 19 789
20 20 293
20 22 410
20 24 988
20 27 219
20 28 552
20 29 307
20 33 979
20 34 559
20 38 599
20 39 33
20 42 916
20 46 15
20 48 259
20 55 304
20 56 318
20 57 186
20 60 273
20 61 84
20 63 575
20 64 435
20 69 139
20 72 862
20 73 782
20 76 261
20 77 300
20 78 691
20 79 590
20 82 52
20 85 687
20 89 197
20 95 60
20 97 191
20 98 959
21 3 764
21 7 374
21 8 471
21 9 694
21 10 521
21 11 138
21 12 60
21 15 188
21 16 506
21 18 941
21 20 64
21 23 581
21 26 468
21 28 478
21 29 160
21 34 541
21 36 424
21 38 213
21 43 79
21 44 183
21 49 615
21 50 582
21 51 756
21 54 367
21 55 599
21 59 810
21 60 657
21 65 349
21 66 1
21 68 809
21 71 448
21 72 316
21 73 333
21 74 969
21 78 223
21 79 707
21 84 560
21 86 716
21 87 145
21 92 516
21 95 143
21 96 300
21 97 679
21 99 757
22 1 993
22 3 923
22 11 884
22 12 858
22 17 644
22 18 840
22 19 928
22 24 973
22 27 216
22 30 294
22 34 167
22 35 91
22 38 632
22 39 32
22 40 629
22 41 864
22 43 4
22 47 781
22 49 872
22 52 934
22 53 226
22 56 721
22 60 370
22 61 956
22 65 975
22 66 843
22 68 468
22 69 18
22 70 405
22 71 230
22 74 0
22 75 456
22 77 807
22 83 246
22 84 116
22 85 188
22 91 860
22 94 914
22 96 839
22 99 78
23 0 998
23 2 795
23 3 913
23 4 69
23 9 526
23 10 908
23 11 867
23 12 667
23 14 684
23 21 646
23 22 742
23 23 138
23 25 795
23 27 100
23 30 963
23 31 400
23 36 336
23 37 23
23 39 398
23 41 563
23 45 728
23 49 840
23 57 30
23 62 68
23 65 451
23 66 679
23 67 970
23 69 152
23 71 653
23 78 720
23 81 485
23 82 188
23 83 934
23 84 658
23 87 831
23 90 298
23 91 567
23 94 767
23 95 537
23 98 310
23 99 913
24 2 235
24 3 739
24 6 13
24 12 747
24 14 687
24 15 642
24 16 294
24 18 534
24 19 733
24 23 282
24 24 290
24 25 319
24 28 613
24 30 793
24 37 284
24 38 758
24 40 990
24 42 399
24 43 783
24 46 969
24 51 469
24 54 595
24 56 809
24 57 619
24 58 668
24 59 47
24 61 669
24 64 865
24 65 697
24 71 785
24 73 410
24 84 596
24 85 942
24 86 461
24 87 691
24 91 757
24 95 906
24 98 813
25 0 381
25 1 260
25 2 728
25 3 606
25 7 64
25 12 245
25 15 18
25 16 616
25 19 968
25 21 898
25 23 564
25 25 413
25 27 275
25 28 693
25 31 30
25 32 308
25 37 756
25 39 652
25 40 297
25 41 459
25 42 371
25 47 81
25 50 472
25 51 256
25 53 0
25 54 675
25 58 412
25 59 296
25 60 988
25 61 898
25 66 136
25 67 633
25 68 616
25 72 441
25 73 624
25 75 622
25 76 991
25 78 984
25 80 300
25 85 866
25 88 519
25 89 409
25 91 801
25 95 803
25 96 534
25 98 748
26 0 714
26 6 922
26 8 468
26 11 723
26 13 676
26 14 697
26 21 479
26 24 823
26 28 67
26 32 591
26 34 195
26 36 352
26 37 12
26 41 170
26 46 969
26 49 303
26 50 302
26 52 609
26 53 963
26 54 230
26 55 631
26 56 71
26 58 536
26 59 536
26 63 912
26 64 53
26 65 603
26 68 278
26 73 808
26 78 462
26 79 646
26 89 809
26 90 372
26 93 836
26 94 233
26 95 771
26 97 230
26 99 237
27 0 401
27 2 833
27 3 944
27 5 690
27 7 0
27 10 41
27 11 1
27 12 346
27 13 476
27 15 571
27 16 425
27 17 890
27 24 452
27 25 468
27 26 252
27 27 793
27 29 262
27 37 295
27 38 640
27 42 629
27 44 316
27 45 595
27 47 35
27 48 413
27 49 21
27 50 914
27 51 85
27 52 41
27 53 54
27 55 339
27 57 689
27 63 578
27 68 701
27 69 633
27 72 210
27 74 666
27 75 328
27 76 754
27 81 653
27 82 915
27 83 545
27 89 939
27 92 988
27 95 133
27 96 575
27 98 221
28 0 699
28 1 569
28 2 686
28 4 352
28 12 116
28 13 768
28 17 453
28 21 614
28 22 770
28 23 328
28 27 36
28 29 883
28 34 510
28 36 586
28 37 186
28 38 728
28 40 117
28 43 285
28 44 755
28 47 654
28 51 420
28 52 770
28 53 922
28 54 695
28 56 413
28 65 754
28 66 706
28 70 808
28 73 300
28 75 467
28 77 550
28 78 665
28 81 541
28 86 590
28 87 736
28 90 567
28 91 517
28 93 371
28 95 474
28 96 139
28 97 262
29 3 753
29 5 140
29 6 766
29 8 853
29 12 367
29 13 670
29 15 794
29 21 708
29 24 536
29 25 872
29 29 74
29 31 494
29 33 829
29 34 261
29 35 71
29 38 601
29 39 934
29 40 190
29 41 146
29 43 500
29 45 569
29 46 713
29 47 954
29 49 7
29 50 681
29 52 387
29 53 479
29 55 944
29 58 803
29 59 259
29 60 29
29 62 842
29 63 814
29 64 340
29 66 36
29 70 327
29 71 218
29 74 867
29 76 452
29 80 667
29 85 718
29 89 533
29 90 322
29 93 708
29 95 627
29 96 784
30 2 324
30 3 165
30 5 290
30 6 789
30 7 835
30 14 106
30 15 0
30 19 936
30 23 283
30 25 777
30 26 336
30 28 930
30 29 878
30 32 693
30 38 995
30 42 924
30 49 88
30 51 344
30 52 688
30 55 524
30 56 47
30 57 751
30 58 626
30 59 277
30 60 535
30 66 658
30 70 810
30 72 367
30 74 803
30 75 334
30 76 361
30 80 759
30 82 972
30 85 231
30 86 972
30 88 129
30 90 655
30 92 620
30 94 87
30 96 871
30 97 28
31 0 502
31 1 954
31 2 237
31 4 512
31 6 996
31 8 279
31 10 678
31 12 901
31 16 169
31 18 989
31 21 485
31 26 315
31 27 369
31 30 755
31 32 463
31 37 48
31 39 911
31 41 279
31 43 789
31 44 100
31 45 525
31 47 598
31 50 66
31 54 781
31 60 22
31 64 875
31 67 13
31 68 813
31 69 289
31 71 2
31 74 625
31 75 104
31 76 654
31 77 719
31 81 131
31 85 613
31 92 36
31 96 772
32 1 426
32 2 32
32 3 9
32 4 344
32 7 31
32 9 274
32 10 635
32 11 285
32 14 554
32 15 223
32 16 774
32 17 69
32 19 731
32 23 789
32 24 408
32 29 900
32 30 459
32 31 459
32 36 907
32 37 87
32 40 441
32 45 66
32 46 771
32 49 136
32 53 715
32 58 567
32 64 118
32 65 595
32 66 505
32 67 709
32 69 755
32 70 34
32 71 225
32 73 64
32 77 415
32 79 251
32 80 547
32 82 539
32 87 639
32 90 97
32 91 703
32 97 136
33 1 532
33 8 383
33 10 897
33 11 912
33 12 888
33 17 433
33 18 294
33 24 440
33 26 636
33 33 153
33 35 992
33 36 887
33 39 646
33 41 158
33 42 6
33 44 748
33 47 61
33 51 388
33 53 770
33 55 412
33 57 402
33 61 724
33 63 163
33 70 784
33 71 105
33 72 300
33 74 433
33 77 650
33 79 893
33 80 452
33 83 944
33 87 758
33 91 923
33 93 726
33 94 861
33 95 792
34 2 933
34 4 183
34 7 998
34 8 574
34 10 376
34 16 594
34 17 795
34 18 744
34 20 945
34 27 174
34 28 915
34 33 565
34 37 665
34 38 948
34 39 795
34 42 289
34 43 780
34 44 901
34 45 88
34 46 606
34 48 4
34 50 270
34 57 242
34 68 886
34 69 720
34 70 203
34 73 725
34 74 560
34 79 999
34 83 769
34 87 366
34 88 427
34 91 406
34 94 485
34 96 337
34 97 906
34 98 778
35 0 713
35 3 130
35 6 420
35 7 444
35 11 87
35 14 966
35 15 343
35 16 495
35 17 849
35 18 548
35 20 7
35 21 328
35 23 197
35 24 776
35 25 155
35 26 617
35 29 179
35 34 458
35 35 101
35 36 729
35 38 337
35 41 846
35 51 568
35 52 712
35 54 602
35 55 135
35 56 842
35 59 300
35 62 775
35 63 58
35 64 243
35 68 12
35 69 861
35 72 890
35 77 713
35 79 260
35 81 796
35 84 276
35 86 912
35 87 675
35 88 198
35 92 8
35 95 740
35 97 410
36 5 179
36 6 765
36 7 630
36 8 424
36 11 671
36 12 181
36 14 997
36 16 281
36 17 668
36 20 387
36 22 677
36 29 768
36 35 272
36 36 506
36 37 368
36 38 770
36 42 612
36 44 543
36 46 63
36 48 414
36 49 469
36 51 518
36 53 583
36 55 663
36 57 87
36 58 123
36 60 499
36 63 56
36 66 898
36 69 257
36 72 620
36 74 651
36 75 889
36 76 796
36 79 857
36 80 221
36 81 693
36 82 664
36 86 969
36 91 930
36 93 184
36 95 644
36 98 811
37 0 511
37 1 396
37 6 199
37 10 142
37 12 56
37 13 33
37 14 235
37 18 719
37 21 210
37 24 81
37 25 857
37 26 26
37 31 26
37 32 347
37 39 433
37 41 776
37 42 929
37 43 109
37 45 754
37 51 380
37 54 989
37 59 148
37 62 233
37 64 149
37 68 221
37 70 782
37 75 854
37 76 519
37 78 886
37 79 390
37 85 512
37 88 390
37 90 994
37 92 922
37 94 451
38 1 250
38 2 835
38 4 653
38 5 878
38 6 249
38 7 463
38 8 512
38 9 50
38 11 982
38 13 891
38 15 243
38 16 628
38 17 180
38 20 70
38 21 742
38 23 392
38 24 912
38 25 901
38 29 188
38 31 893
38 32 722
38 33 18
38 35 673
38 37 253
38 39 383
38 42 585
38 43 901
38 46 918
38 47 546
38 49 705
38 51 814
38 53 936
38 55 685
38 58 986
38 60 312
38 63 546
38 65 200
38 66 855
38 67 984
38 69 513
38 70 915
38 82 263
38 83 396
38 84 546
38 86 72
38 87 794
38 88 928
38 89 164
38 94 252
38 97 266
38 98 577
39 0 800
39 1 13
39 2 7
39 4 486
39 10 249
39 13 344
39 18 600
39 19 850
39 26 970
39 28 879
39 29 866
39 31 845
39 32 222
39 34 98
39 36 652
39 38 939
39 39 933
39 42 588
39 47 157
39 49 973
39 51 634
39 52 648
39 53 166
39 54 265
39 61 996
39 66 314
39 67 760
39 68 371
39 70 709
39 71 392
39 73 954
39 75 729
39 78 403
39 79 642
39 81 352
39 84 937
39 88 66
39 90 314
39 93 745
39 94 595
39 95 204
40 0 161
40 1 438
40 3 927
40 7 987
40 11 735
40 12 610
40 13 464
40 15 986
40 16 374
40 20 698
40 22 455
40 23 2
40 25 542
40 26 829
40 27 573
40 28 436
40 29 632
40 31 43
40 33 742
40 36 641
40 40 165
40 41 267
40 45 169
40 49 365
40 50 572
40 52 670
40 53 27
40 55 36
40 62 579
40 63 65
40 68 696
40 71 420
40 72 101
40 76 857
40 78 553
40 79 763
40 85 650
40 86 669
40 89 66
40 92 572
40 96 72
40 97 523
40 98 558
41 0 53
41 1 524
41 4 152
41 5 465
41 6 72
41 11 401
41 12 605
41 13 664
41 16 654
41 17 172
41 18 638
41 21 100
41 22 777
41 23 348
41 27 353
41 28 530
41 32 99
41 33 355
41 36 390
41 37 77
41 40 563
41 41 493
41 42 648
41 43 537
41 45 864
41 46 297
41 48 360
41 49 386
41 50 744
41 54 83
41 55 127
41 59 116
41 61 59
41 62 839
41 64 968
41 65 387
41 68 255
41 69 637
41 72 468
41 74 890
41 75 921
41 77 140
41 78 724
41 81 672
41 83 49
41 87 253
41 89 247
41 90 81
41 91 624
41 93 591
41 96 656
42 4 736
42 6 346
42 9 697
42 15 528
42 22 302
42 24 20
42 33 197
42 36 660
42 37 222
42 38 354
42 41 110
42 44 629
42 45 904
42 49 619
42 52 222
42 55 671
42 62 103
42 67 22
42 74 311
42 80 884
42 81 934
42 84 458
42 87 344
42 88 977
42 89 70
42 91 464
42 96 29
42 97 581
42 99 839
43 1 427
43 4 146
43 5 642
43 7 521
43 13 149
43 15 241
43 20 496
43 23 875
43 25 677
43 26 431
43 27 115
43 28 408
43 29 193
43 30 0
43 31 121
43 34 729
43 35 231
43 37 130
43 38 202
43 40 643
43 43 447
43 45 983
43 47 248
43 49 216
43 50 406
43 51 249
43 53 283
43 56 113
43 58 530
43 60 706
43 62 260
43 63 629
43 68 950
43 69 572
43 70 993
43 71 484
43 73 563
43 76 777
43 78 240
43 79 891
43 82 160
43 85 136
43 86 751
43 88 475
43 89 438
43 91 656
43 94 833
44 0 245
44 1 428
44 9 146
44 10 911
44 12 466
44 15 8
44 17 492
44 19 86
44 20 825
44 21 715
44 25 491
44 26 523
44 29 929
44 30 85
44 32 16
44 33 675
44 34 503
44 42 375
44 43 394
44 45 432
44 46 768
44 47 548
44 49 775
44 50 402
44 51 126
44 54 204
44 56 962
44 57 227
44 63 289
44 64 38
44 70 181
44 71 0
44 72 455
44 73 15
44 75 44
44 76 469
44 78 724
44 82 654
44 83 193
44 85 524
44 87 790
44 89 906
44 90 204
44 91 727
44 96 88
44 98 235
44 99 658
45 0 201
45 2 872
45 5 553
45 7 986
45 13 365
45 14 612
45 15 632
45 17 850
45 20 168
45 24 587
45 27 53
45 29 606
45 33 777
45 35 52
45 37 356
45 38 807
45 39 800
45 43 211
45 44 442
45 45 854
45 46 292
45 47 918
45 48 747
45 50 88
45 51 951
45 59 911
45 66 149
45 67 715
45 74 856
45 75 596
45 77 649
45 80 431
45 81 771
45 83 51
45 84 103
45 86 299
45 89 208
45 90 191
45 92 36
45 94 92
46 1 19
46 2 570
46 11 56
46 13 962
46 14 966
46 15 582
46 16 864
46 17 754
46 25 708
46 26 984
46 30 344
46 32 201
46 33 416
46 34 823
46 37 113
46 38 687
46 39 377
46 41 610
46 42 338
46 49 198
46 53 609
46 56 289
46 62 668
46 68 851
46 70 583
46 73 188
46 74 566
46 75 371
46 76 867
46 77 687
46 79 406
46 82 852
46 83 244
46 84 153
46 89 457
46 92 477
46 94 84
46 96 151
46 98 918
47 2 577
47 5 972
47 6 405
47 8 279
47 17 824
47 18 898
47 19 639
47 23 847
47 27 962
47 29 826
47 32 487
47 33 384
47 34 764
47 35 511
47 36 81
47 38 536
47 39 577
47 44 25
47 47 94
47 49 675
47 52 117
47 55 252
47 56 358
47 58 435
47 59 268
47 60 203
47 65 557
47 69 464
47 72 124
47 73 85
47 75 668
47 79 752
47 84 119
47 85 159
47 91 488
47 92 431
47 93 731
47 97 26
47 99 722
48 0 68
48 1 887
48 2 797
48 3 342
48 6 13
48 7 8
48 15 946
48 18 755
48 20 249
48 22 199
48 24 116
48 25 516
48 26 81
48 30 979
48 31 455
48 32 117
48 36 236
48 38 902
48 43 290
48 50 91
48 53 240
48 54 390
48 56 563
48 58 256
48 60 626
48 61 282
48 62 121
48 65 815
48 66 280
48 68 299
48 69 441
48 75 483
48 76 770
48 78 978
48 80 218
48 81 36
48 82 264
48 84 636
48 86 237
48 88 658
48 89 509
48 91 537
48 92 312
48 93 7
48 94 220
48 96 423
48 98 768
48 99 35
49 1 30
49 2 429
49 4 68
49 5 829
49 9 219
49 11 476
49 15 225
49 16 14
49 20 1
49 23 976
49 24 420
49 25 685
49 27 596
49 32 776
49 33 403
49 34 183
49 37 823
49 38 229
49 39 188
49 40 378
49 41 666
49 45 82
49 46 152
49 51 841
49 54 81
49 56 535
49 57 519
49 58 546
49 59 624
49 61 435
49 64 10
49 66 766
49 67 984
49 71 682
49 72 887
49 74 805
49 77 485
49 78 929
49 81 886
49 82 665
49 86 416
49 89 646
49 91 778
49 98 275
50 0 961
50 1 704
50 2 869
50 4 84
50 5 875
50 7 438
50 9 652
50 10 149
50 15 778
50 19 80
50 20 978
50 21 867
50 24 913
50 27 615
50 28 771
50 29 191
50 30 979
50 32 615
50 33 518
50 37 263
50 38 791
50 46 425
50 50 134
50 51 501
50 52 146
50 56 238
50 67 210
50 72 549
50 77 454
50 78 119
50 81 756
50 83 400
50 86 649
50 87 970
50 93 769
50 95 666
50 97 292
51 1 16
51 3 979
51 4 365
51 6 737
51 7 317
51 9 350
51 12 197
51 13 804
51 14 21
51 21 775
51 23 169
51 29 98
51 30 727
51 31 337
51 33 138
51 34 159
51 35 732
51 36 196
51 38 353
51 41 862
51 43 837
51 47 302
51 48 418
51 49 285
51 50 664
51 52 676
51 57 759
51 58 928
51 62 681
51 63 25
51 66 866
51 68 274
51 69 811
51 74 909
51 76 936
51 77 858
51 80 63
51 83 656
51 86 578
51 87 63
51 89 945
51 90 781
51 95 149
51 97 33
52 1 584
52 11 18
52 17 663
52 19 754
52 22 675
52 23 156
52 26 34
52 27 545
52 30 306
52 32 114
52 33 53
52 38 518
52 39 118
52 42 197
52 45 481
52 46 11
52 62 183
52 64 731
52 65 682
52 67 413
52 68 499
52 72 112
52 74 102
52 75 529
52 79 445
52 80 763
52 81 315
52 82 512
52 85 238
52 87 484
52 90 523
52 95 846
52 99 689
53 0 468
53 10 981
53 13 73
53 15 465
53 16 886
53 22 766
53 23 241
53 25 509
53 28 695
53 30 43
53 33 332
53 35 940
53 39 575
53 40 626
53 43 119
53 44 472
53 45 145
53 51 414
53 54 553
53 56 140
53 57 503
53 59 37
53 70 895
53 75 973
53 76 210
53 78 297
53 79 902
53 81 663
53 87 192
53 88 397
53 91 756
53 96 802
53 98 0
54 1 220
54 2 252
54 7 756
54 8 791
54 9 779
54 10 934
54 11 383
54 14 217
54 15 435
54 17 749
54 22 154
54 25 29
54 26 112
54 30 360
54 32 581
54 35 235
54 39 918
54 40 864
54 41 487
54 44 764
54 45 283
54 47 435
54 50 780
54 51 655
54 54 238
54 58 814
54 59 401
54 63 285
54 64 883
54 67 473
54 71 253
54 73 22
54 79 955
54 81 859
54 83 307
54 86 849
54 88 87
54 90 766
54 91 912
54 94 697
54 96 356
54 97 274
55 0 631
55 4 645
55 5 571
55 8 543
55 12 129
55 13 444
55 14 263
55 17 992
55 21 224
55 23 280
55 24 731
55 26 531
55 28 604
55 31 521
55 32 847
55 33 612
55 35 799
55 38 387
55 42 486
55 45 834
55 48 606
55 52 315
55 53 395
55 55 955
55 57 535
55 58 371
55 59 258
55 61 669
55 63 596
55 64 287
55 68 593
55 70 534
55 72 777
55 73 179
55 75 621
55 89 274
55 91 135
55 94 422
55 95 208
55 98 468
56 0 973
56 3 423
56 8 818
56 14 346
56 19 344
56 21 63
56 29 775
56 30 619
56 34 299
56 37 711
56 38 636
56 40 293
56 42 963
56 43 847
56 45 739
56 46 405
56 47 546
56 49 861
56 50 821
56 55 309
56 56 445
56 57 313
56 58 425
56 61 901
56 63 164
56 64 53
56 65 781
56 69 877
56 70 233
56 72 831
56 73 403
56 75 427
56 77 222
56 78 184
56 79 856
56 84 390
56 86 695
56 90 873
56 91 347
56 92 328
56 94 543
56 96 208
57 0 564
57 3 858
57 6 676
57 12 375
57 15 306
57 18 18
57 22 60
57 23 183
57 24 890
57 26 607
57 29 839
57 30 119
57 32 834
57 33 309
57 34 883
57 36 524
57 39 37
57 40 133
57 41 366
57 45 565
57 46 981
57 53 459
57 58 997
57 62 587
57 63 493
57 64 802
57 66 408
57 67 571
57 72 455
57 76 232
57 77 99
57 78 695
57 79 282
57 80 133
57 81 838
57 83 619
57 86 347
57 88 155
57 89 89
57 90 847
57 97 307
58 4 508
58 7 363
58 8 346
58 9 251
58 10 372
58 16 946
58 18 979
58 19 357
58 20 151
58 21 210
58 26 765
58 29 80
58 30 693
58 34 334
58 35 723
58 36 912
58 40 11
58 45 383
58 46 560
58 48 157
58 50 824
58 52 624
58 53 165
58 55 820
58 58 987
58 60 533
58 61 567
58 62 273
58 67 243
58 71 386
58 72 584
58 76 243
58 77 199
58 78 654
58 79 718
58 80 908
58 83 646
58 85 331
58 88 40
58 89 181
58 90 883
58 91 940
58 92 390
58 95 981
58 97 580
59 2 442
59 3 65
59 4 246
59 6 280
59 7 392
59 8 889
59 9 716
59 12 209
59 14 385
59 15 737
59 17 338
59 19 383
59 24 266
59 25 292
59 29 518
59 32 460
59 36 68
59 40 961
59 41 983
59 43 298
59 45 417
59 49 534
59 56 275
59 57 530
59 68 542
59 70 428
59 71 712
59 75 852
59 77 782
59 79 916
59 81 860
59 83 475
59 93 431
59 98 846
59 99 329
60 4 391
60 8 114
60 9 186
60 15 204
60 20 594
60 25 286
60 28 312
60 33 828
60 34 402
60 45 956
60 48 755
60 49 407
60 50 539
60 51 130
60 52 841
60 53 470
60 57 170
60 60 956
60 62 859
60 64 230
60 65 250
60 67 821
60 69 228
60 70 562
60 72 170
60 73 752
60 76 843
60 78 677
60 79 845
60 82 108
60 84 628
60 85 589
60 86 102
60 89 591
60 90 972
60 91 636
60 92 135
60 94 138
60 96 666
60 98 163
61 1 375
61 3 50
61 6 497
61 7 713
61 11 635
61 12 60
61 18 330
61 20 76
61 22 63
61 27 976
61 29 963
61 30 51
61 31 93
61 33 905
61 35 916
61 36 898
61 37 13
61 38 467
61 39 960
61 40 207
61 41 719
61 44 511
61 45 612
61 47 765
61 49 463
61 50 380
61 52 801
61 55 566
61 59 513
61 60 253
61 61 372
61 63 299
61 64 908
61 67 30
61 71 259
61 72 768
61 75 379
61 78 635
61 80 698
61 85 968
61 86 661
61 87 26
61 89 958
61 90 849
61 92 961
61 97 335
61 98 195
62 0 589
62 4 173
62 8 309
62 11 929
62 12 860
62 16 434
62 17 332
62 18 255
62 20 406
62 23 313
62 29 961
62 32 509
62 34 98
62 38 801
62 41 218
62 42 699
62 43 756
62 45 424
62 48 304
62 54 432
62 55 651
62 58 37
62 59 535
62 61 527
62 62 555
62 63 217
62 65 917
62 66 964
62 69 306
62 70 290
62 72 588
62 73 498
62 75 330
62 78 245
62 81 592
62 82 236
62 83 806
62 84 61
62 87 228
62 88 829
62 89 504
62 95 995
62 98 455
62 99 821
63 0 426
63 2 861
63 5 300
63 9 735
63 14 937
63 16 678
63 21 673
63 26 188
63 27 963
63 29 779
63 33 486
63 34 899
63 35 36
63 36 260
63 37 586
63 43 342
63 49 372
63 50 586
63 51 376
63 54 886
63 57 333
63 63 605
63 64 6
63 68 147
63 75 766
63 76 50
63 77 436
63 78 869
63 79 915
63 81 696
63 84 699
63 85 492
63 87 45
63 90 975
63 92 834
63 99 241
64 1 126
64 2 403
64 9 259
64 11 278
64 14 812
64 15 546
64 17 469
64 18 248
64 20 744
64 22 718
64 28 235
64 29 753
64 30 399
64 31 751
64 35 717
64 36 395
64 37 356
64 38 612
64 42 248
64 43 646
64 45 552
64 46 228
64 47 832
64 54 660
64 55 340
64 57 956
64 59 672
64 61 732
64 63 611
64 66 907
64 70 516
64 71 289
64 72 839
64 76 405
64 82 529
64 83 234
64 84 814
64 85 870
64 86 707
64 94 856
64 96 991
64 98 679
65 1 613
65 2 173
65 3 105
65 4 45
65 9 989
65 12 454
65 14 238
65 17 245
65 18 722
65 20 336
65 22 246
65 24 360
65 26 448
65 27 265
65 32 753
65 34 421
65 36 350
65 39 163
65 41 226
65 43 129
65 44 454
65 47 417
65 48 382
65 49 91
65 50 260
65 52 132
65 55 813
65 56 990
65 57 572
65 58 679
65 61 934
65 62 578
65 65 293
65 70 983
65 71 331
65 72 563
65 75 98
65 77 99
65 79 551
65 80 836
65 81 530
65 87 558
65 92 769
65 95 975
66 1 434
66 2 874
66 10 562
66 11 217
66 12 539
66 16 563
66 19 202
66 24 978
66 25 673
66 26 458
66 29 816
66 31 923
66 32 945
66 35 454
66 36 912
66 37 257
66 39 674
66 43 549
66 44 618
66 45 654
66 48 33
66 49 169
66 51 97
66 54 993
66 57 881
66 58 70
66 63 302
66 64 535
66 65 632
66 67 142
66 69 782
66 70 751
66 74 412
66 76 457
66 79 794
66 86 892
66 87 482
66 90 48
66 93 459
66 97 890
67 1 995
67 4 774
67 5 471
67 7 587
67 11 256
67 15 560
67 18 197
67 20 680
67 22 720
67 24 594
67 25 880
67 27 296
67 31 932
67 36 99
67 38 261
67 40 465
67 42 77
67 44 549
67 46 89
67 48 503
67 50 779
67 53 64
67 54 948
67 58 284
67 59 999
67 62 312
67 65 557
67 66 632
67 67 549
67 69 767
67 71 135
67 74 437
67 75 397
67 76 911
67 78 427
67 79 405
67 80 711
67 81 962
67 82 360
67 86 585
67 88 893
67 91 63
67 93 524
67 94 95
67 97 354
67 98 914
67 99 209
68 0 672
68 3 645
68 4 220
68 5 368
68 7 902
68 8 288
68 11 300
68 15 823
68 19 777
68 22 271
68 25 642
68 28 272
68 29 562
68 40 369
68 44 29
68 46 730
68 50 717
68 53 33
68 59 611
68 63 135
68 67 768
68 69 590
68 70 730
68 71 13
68 72 317
68 73 83
68 74 936
68 78 805
68 81 689
68 83 410
68 84 862
68 88 816
68 92 569
68 93 595
68 95 721
68 96 664
69 2 224
69 7 100
69 8 892
69 11 681
69 15 116
69 16 198
69 17 687
69 18 543
69 19 267
69 20 56
69 21 927
69 23 239
69 27 967
69 28 475
69 31 895
69 33 52
69 35 73
69 37 346
69 38 903
69 39 39
69 41 348
69 44 382
69 46 383
69 47 612
69 48 835
69 49 625
69 53 113
69 56 159
69 58 851
69 59 186
69 60 792
69 61 613
69 64 395
69 66 45
69 67 523
69 69 822
69 70 548
69 72 303
69 73 909
69 75 458
69 83 42
69 86 935
69 87 654
69 88 826
69 89 521
69 93 161
69 98 317
70 1 179
70 2 72
70 4 434
70 6 64
70 8 228
70 9 144
70 10 901
70 12 434
70 16 263
70 19 468
70 29 65
70 30 536
70 37 463
70 45 389
70 46 837
70 53 21
70 57 589
70 60 63
70 63 690
70 64 826
70 65 551
70 68 816
70 69 104
70 74 998
70 75 183
70 76 660
70 77 228
70 79 782
70 80 852
70 82 944
70 84 364
70 86 611
70 92 465
70 93 309
70 95 228
70 96 145
71 1 451
71 2 581
71 3 760
71 5 410
71 7 720
71 10 890
71 11 558
71 13 427
71 16 666
71 18 881
71 19 522
71 20 614
71 21 881
71 22 275
71 24 538
71 25 493
71 28 341
71 29 732
71 33 761
71 34 456
71 38 402
71 41 75
71 42 89
71 43 144
71 44 288
71 47 912
71 50 814
71 51 255
71 52 397
71 53 421
71 59 55
71 61 822
71 62 206
71 68 819
71 69 806
71 78 381
71 87 554
71 90 729
71 91 117
71 92 221
71 94 698
71 95 879
71 98 225
72 0 118
72 1 952
72 2 582
72 7 5
72 8 119
72 11 376
72 12 486
72 13 881
72 15 792
72 17 123
72 18 682
72 22 918
72 24 11
72 26 118
72 28 515
72 31 125
72 32 878
72 33 105
72 35 143
72 38 72
72 39 289
72 40 248
72 45 641
72 48 320
72 52 330
72 53 297
72 57 166
72 63 962
72 65 52
72 66 384
72 67 639
72 68 174
72 72 492
72 73 577
72 74 419
72 76 424
72 77 64
72 79 126
72 85 661
72 87 883
72 92 355
72 94 793
73 3 823
73 4 403
73 5 941
73 6 281
73 7 449
73 10 340
73 11 723
73 12 996
73 17 278
73 20 837
73 23 633
73 24 170
73 28 46
73 29 888
73 30 18
73 31 717
73 32 913
73 36 882
73 39 944
73 40 392
73 42 720
73 43 804
73 44 872
73 48 819
73 52 743
73 53 127
73 54 651
73 55 888
73 56 774
73 57 438
73 59 74
73 66 576
73 69 722
73 70 40
73 71 380
73 74 910
73 75 799
73 79 743
73 80 927
73 81 504
73 83 570
73 85 402
73 86 33
73 88 643
73 89 106
73 90 31
73 92 284
73 95 512
73 96 550
73 98 867
73 99 800
74 0 773
74 3 667
74 8 22
74 9 75
74 10 372
74 17 198
74 22 325
74 25 576
74 26 8
74 27 234
74 29 918
74 32 282
74 34 780
74 36 927
74 39 573
74 41 635
74 43 852
74 44 780
74 45 545
74 47 618
74 48 108
74 51 450
74 52 185
74 53 941
74 54 187
74 58 995
74 61 408
74 69 976
74 70 582
74 75 171
74 76 433
74 77 814
74 78 749
74 79 805
74 80 680
74 81 705
74 82 193
74 83 169
74 84 329
74 87 901
74 90 647
74 91 687
74 93 191
74 95 934
74 96 353
74 98 231
74 99 902
75 0 380
75 1 346
75 2 475
75 3 850
75 4 901
75 8 369
75 9 507
75 10 153
75 11 826
75 13 411
75 14 178
75 17 315
75 18 349
75 19 101
75 24 176
75 25 857
75 26 959
75 27 64
75 28 165
75 29 76
75 31 347
75 33 586
75 34 957
75 36 930
75 37 603
75 38 565
75 40 641
75 46 629
75 47 590
75 52 792
75 53 977
75 57 720
75 60 923
75 62 34
75 65 286
75 66 690
75 68 273
75 69 675
75 70 367
75 72 229
75 77 126
75 79 112
75 81 162
75 86 723
75 88 902
75 95 979
75 97 824
75 98 850
75 99 525
76 5 115
76 8 807
76 9 633
76 13 292
76 17 90
76 19 623
76 21 262
76 23 464
76 26 213
76 28 308
76 30 729
76 36 363
76 42 370
76 44 782
76 45 475
76 46 601
76 49 948
76 54 83
76 55 231
76 57 305
76 58 104
76 59 109
76 63 429
76 67 279
76 68 339
76 69 120
76 71 723
76 72 340
76 73 111
76 80 373
76 81 783
76 82 256
76 83 248
76 84 202
76 89 716
76 91 909
76 96 960
76 98 90
76 99 949
77 0 734
77 2 818
77 3 169
77 4 652
77 8 807
77 10 528
77 14 535
77 18 303
77 21 37
77 22 703
77 23 444
77 27 709
77 31 922
77 32 899
77 34 685
77 36 1
77 39 20
77 44 956
77 45 96
77 46 736
77 47 277
77 52 378
77 54 260
77 58 32
77 60 363
77 63 337
77 66 973
77 68 847
77 71 467
77 72 190
77 74 843
77 78 335
77 79 267
77 82 921
77 86 651
77 87 338
77 89 537
77 90 142
77 92 561
77 93 685
77 94 93
77 99 868
78 10 535
78 11 82
78 13 844
78 16 149
78 24 254
78 26 615
78 27 890
78 30 679
78 36 976
78 41 535
78 42 576
78 48 77
78 50 230
78 56 551
78 57 386
78 61 11
78 62 379
78 65 486
78 66 108
78 69 440
78 73 144
78 74 878
78 75 435
78 77 234
78 81 912
78 84 28
78 85 365
78 87 640
78 88 460
78 89 512
78 90 308
78 92 950
78 93 389
78 95 900
78 98 364
78 99 485
79 1 875
79 4 403
79 7 378
79 8 533
79 9 4
79 11 591
79 12 652
79 13 701
79 14 557
79 15 856
79 17 116
79 20 384
79 21 459
79 22 232
79 23 906
79 24 420
79 27 495
79 32 951
79 34 748
79 36 240
79 39 929
79 40 601
79 41 172
79 42 561
79 43 252
79 47 872
79 51 990
79 54 82
79 58 721
79 61 421
79 64 468
79 65 632
79 67 226
79 68 118
79 70 614
79 74 545
79 77 310
79 78 991
79 79 775
79 82 315
79 85 684
79 91 636
79 92 694
79 94 498
79 95 562
79 96 260
79 97 991
79 99 778
80 0 979
80 1 640
80 2 247
80 3 312
80 4 508
80 5 34
80 6 568
80 9 114
80 10 982
80 11 335
80 15 533
80 17 62
80 18 900
80 21 938
80 22 389
80 28 270
80 30 437
80 31 37
80 33 779
80 34 26
80 35 201
80 36 86
80 38 611
80 40 268
80 41 47
80 45 965
80 49 413
80 53 311
80 54 248
80 58 803
80 59 737
80 60 670
80 61 141
80 68 766
80 69 945
80 70 291
80 73 312
80 74 83
80 76 901
80 79 63
80 80 703
80 86 477
80 89 603
80 95 784
80 97 298
80 98 391
80 99 986
81 0 396
81 2 191
81 3 875
81 4 492
81 10 466
81 14 664
81 15 603
81 24 806
81 26 426
81 33 546
81 34 677
81 35 359
81 37 664
81 39 509
81 40 407
81 41 95
81 44 362
81 46 328
81 51 989
81 52 880
81 53 609
81 57 138
81 58 136
81 60 284
81 61 774
81 64 572
81 67 414
81 68 138
81 69 937
81 76 720
81 81 60
81 82 466
81 83 149
81 85 386
81 91 223
81 96 168
81 99 421
82 4 236
82 5 792
82 9 50
82 11 108
82 13 639
82 18 664
82 22 784
82 23 246
82 24 243
82 26 346
82 27 523
82 29 828
82 31 989
82 34 734
82 42 928
82 43 171
82 45 817
82 48 948
82 54 716
82 57 288
82 60 387
82 64 305
82 65 330
82 68 693
82 69 132
82 73 907
82 74 345
82 75 928
82 78 752
82 79 15
82 80 50
82 83 951
82 90 133
82 96 624
82 99 434
83 2 4
83 3 752
83 4 114
83 6 307
83 12 974
83 14 143
83 16 666
83 20 558
83 22 818
83 23 465
83 26 40
83 30 460
83 38 176
83 39 986
83 40 866
83 48 604
83 49 89
83 53 306
83 55 542
83 56 217
83 57 308
83 60 255
83 62 737
83 63 413
83 67 854
83 68 94
83 70 177
83 75 891
83 84 59
83 85 175
83 86 770
83 88 694
83 90 474
83 91 939
83 99 750
84 0 521
84 1 19
84 7 164
84 8 551
84 9 723
84 11 903
84 12 174
84 13 568
84 17 184
84 18 204
84 20 685
84 21 251
84 26 768
84 29 997
84 33 422
84 35 628
84 36 562
84 37 589
84 38 196
84 39 367
84 41 477
84 42 188
84 45 221
84 46 198
84 48 644
84 50 70
84 52 415
84 53 245
84 54 57
84 55 610
84 56 859
84 58 456
84 64 447
84 68 474
84 70 391
84 85 615
84 87 575
84 92 4
84 93 58
84 94 679
84 96 170
84 97 240
84 99 146
85 1 70
85 4 808
85 5 211
85 7 272
85 8 859
85 9 383
85 10 993
85 14 169
85 16 692
85 17 756
85 18 537
85 19 358
85 22 109
85 23 869
85 24 179
85 26 268
85 31 348
85 33 55
85 34 804
85 35 763
85 36 405
85 41 471
85 44 717
85 48 530
85 52 997
85 54 136
85 55 744
85 57 429
85 59 46
85 61 3
85 62 390
85 63 279
85 67 782
85 70 538
85 72 423
85 74 439
85 75 520
85 76 810
85 79 906
85 81 412
85 82 470
85 83 253
85 87 241
85 89 926
85 92 429
85 97 131
85 98 157
86 3 320
86 4 68
86 5 34
86 6 404
86 8 498
86 11 846
86 12 578
86 16 681
86 17 25
86 20 359
86 21 757
86 23 415
86 26 418
86 28 879
86 30 27
86 31 733
86 32 535
86 33 604
86 34 658
86 37 678
86 38 149
86 40 545
86 41 545
86 42 682
86 43 617
86 45 102
86 46 855
86 47 358
86 52 541
86 54 998
86 55 810
86 56 949
86 57 789
86 59 847
86 64 496
86 65 706
86 66 700
86 68 822
86 69 129
86 78 761
86 79 939
86 81 135
86 86 272
86 87 0
86 90 972
86 92 1
86 93 642
86 95 132
86 96 922
86 98 613
87 4 221
87 6 140
87 8 75
87 10 805
87 11 621
87 12 140
87 13 731
87 16 405
87 18 87
87 21 91
87 25 365
87 26 403
87 27 814
87 31 116
87 32 38
87 36 519
87 38 916
87 41 327
87 42 866
87 47 83
87 48 146
87 57 233
87 61 143
87 62 199
87 63 870
87 66 804
87 68 61
87 73 75
87 75 933
87 78 722
87 79 775
87 81 206
87 82 806
87 85 733
87 87 663
87 93 751
87 94 487
87 95 7
87 96 357
87 97 703
88 2 707
88 5 382
88 7 154
88 8 902
88 11 181
88 13 240
88 14 302
88 15 724
88 17 900
88 19 811
88 22 774
88 26 309
88 27 179
88 28 586
88 30 409
88 34 748
88 37 250
88 38 656
88 43 990
88 46 838
88 50 591
88 51 971
88 54 47
88 56 403
88 59 210
88 61 834
88 62 368
88 65 350
88 68 90
88 70 376
88 71 177
88 73 199
88 76 825
88 77 690
88 81 255
88 83 204
88 84 218
88 92 118
88 95 515
88 97 752
89 3 690
89 4 307
89 5 605
89 7 807
89 12 745
89 13 481
89 14 750
89 15 441
89 18 461
89 19 779
89 21 355
89 26 389
89 27 202
89 28 290
89 31 380
89 32 883
89 36 909
89 42 751
89 43 237
89 46 352
89 47 75
89 50 669
89 52 204
89 53 902
89 54 49
89 66 929
89 70 425
89 73 891
89 74 623
89 77 900
89 78 917
89 81 243
89 82 472
89 83 498
89 87 15
89 96 881
89 97 626
89 99 224
90 1 351
90 2 650
90 5 172
90 6 389
90 7 194
90 8 15
90 11 944
90 12 727
90 17 412
90 18 819
90 20 76
90 21 28
90 23 763
90 25 806
90 27 480
90 30 947
90 31 613
90 37 0
90 39 448
90 41 557
90 43 157
90 49 476
90 50 871
90 51 930
90 52 807
90 56 498
90 57 485
90 60 691
90 63 522
90 64 549
90 67 864
90 69 738
90 70 151
90 74 274
90 75 318
90 79 292
90 81 6
90 82 682
90 84 197
90 87 316
90 91 160
90 93 91
90 94 606
90 95 199
90 97 246
90 99 210
91 0 976
91 3 621
91 6 729
91 7 114
91 8 225
91 9 572
91 10 310
91 11 813
91 14 336
91 16 156
91 18 137
91 21 416
91 22 486
91 25 633
91 27 552
91 28 365
91 30 809
91 31 878
91 33 181
91 36 639
91 38 567
91 40 859
91 41 48
91 43 765
91 54 935
91 55 213
91 56 94
91 57 891
91 58 924
91 59 396
91 68 631
91 70 556
91 72 58
91 80 467
91 81 35
91 82 615
91 83 249
91 88 489
91 89 975
91 93 658
92 2 982
92 5 76
92 6 318
92 8 725
92 9 690
92 11 116
92 13 582
92 14 21
92 17 104
92 18 953
92 19 918
92 20 894
92 21 269
92 25 689
92 28 673
92 32 617
92 34 828
92 37 356
92 41 327
92 43 764
92 46 264
92 47 546
92 48 670
92 52 817
92 54 545
92 55 265
92 57 697
92 58 371
92 59 756
92 60 349
92 61 59
92 63 369
92 65 589
92 66 55
92 67 268
92 69 497
92 71 928
92 72 666
92 73 415
92 74 676
92 75 767
92 76 647
92 79 140
92 80 347
92 83 837
92 87 184
92 88 897
92 89 715
92 90 651
92 91 674
92 92 627
92 93 546
93 1 490
93 4 653
93 7 271
93 9 178
93 10 233
93 14 221
93 17 822
93 18 536
93 21 46
93 22 474
93 25 256
93 27 907
93 28 29
93 29 193
93 30 390
93 31 677
93 33 48
93 34 193
93 35 955
93 46 324
93 49 690
93 54 827
93 55 786
93 56 556
93 58 482
93 62 472
93 63 973
93 64 559
93 65 682
93 70 505
93 72 885
93 73 182
93 74 857
93 75 229
93 79 26
93 80 698
93 81 62
93 82 211
93 83 527
93 86 447
93 87 130
93 88 495
93 90 744
93 95 127
93 96 434
94 0 900
94 4 231
94 7 838
94 8 958
94 10 607
94 11 514
94 13 744
94 19 803
94 23 480
94 28 284
94 35 980
94 36 679
94 37 707
94 38 566
94 40 717
94 41 986
94 43 584
94 44 452
94 45 361
94 49 389
94 52 91
94 53 659
94 56 251
94 57 668
94 58 838
94 62 242
94 72 825
94 75 679
94 76 143
94 78 525
94 79 468
94 83 22
94 85 152
94 87 554
94 91 448
94 92 255
94 96 728
94 97 173
95 2 806
95 3 67
95 4 848
95 5 980
95 7 635
95 10 337
95 15 209
95 21 828
95 23 740
95 25 180
95 27 340
95 28 240
95 29 861
95 31 171
95 35 81
95 37 147
95 38 551
95 43 186
95 47 285
95 48 892
95 49 557
95 51 461
95 53 397
95 54 999
95 57 124
95 65 501
95 68 300
95 69 641
95 71 177
95 72 387
95 73 855
95 76 146
95 80 897
95 81 637
95 85 75
95 86 346
95 88 337
95 89 474
95 92 568
95 95 755
95 96 553
95 98 160
95 99 499
96 4 329
96 9 905
96 12 266
96 16 667
96 19 708
96 24 544
96 26 632
96 28 956
96 31 684
96 33 599
96 34 998
96 35 650
96 42 65
96 43 349
96 44 338
96 47 225
96 48 436
96 49 522
96 53 586
96 55 866
96 58 802
96 61 728
96 62 195
96 68 38
96 69 426
96 70 859
96 72 207
96 75 818
96 78 847
96 79 329
96 80 404
96 82 221
96 85 474
96 86 622
96 89 566
96 90 374
96 91 38
96 97 195
96 98 913
97 1 889
97 2 601
97 5 969
97 6 317
97 7 774
97 12 350
97 13 379
97 14 301
97 15 762
97 16 344
97 20 747
97 22 307
97 24 609
97 27 812
97 28 252
97 30 431
97 31 238
97 34 10
97 36 97
97 37 864
97 41 849
97 43 225
97 47 343
97 51 562
97 54 432
97 58 949
97 60 197
97 61 569
97 62 807
97 63 699
97 68 39
97 69 450
97 72 119
97 75 942
97 81 638
97 82 291
97 83 884
97 85 648
97 86 538
97 90 429
97 91 936
97 92 396
97 93 635
97 94 747
97 95 39
97 98 122
97 99 926
