200 8200
0 1 462
0 3 835
0 5 879
0 15 66
0 18 468
0 21 507
0 22 71
0 24 602
0 38 213
0 40 358
0 41 853
0 44 769
0 48 336
0 49 755
0 51 238
0 58 376
0 62 117
0 72 254
0 74 318
0 76 99
0 77 618
0 82 574
0 95 98
0 96 994
0 101 544
0 106 550
0 115 339
0 116 453
0 117 94
0 119 634
0 124 38
0 125 185
0 128 925
0 131 589
0 134 573
0 147 283
0 162 756
0 171 388
0 173 211
0 186 162
1 10 950
1 12 74
1 14 516
1 15 719
1 16 683
1 19 994
1 21 5
1 28 49
1 33 60
1 49 167
1 50 639
1 51 202
1 53 567
1 54 203
1 62 569
1 76 164
1 78 689
1 84 973
1 85 328
1 87 536
1 93 423
1 101 64
1 104 234
1 111 786
1 113 518
1 119 26
1 122 978
1 123 137
1 129 40
1 131 307
1 132 284
1 136 47
1 157 649
1 158 678
1 160 990
1 170 70
1 174 941
1 186 712
1 187 67
1 188 578
1 190 346
1 198 494
2 5 315
2 15 108
2 19 102
2 32 746
2 37 590
2 39 904
2 40 267
2 53 398
2 59 704
2 64 525
2 66 748
2 67 64
2 70 854
2 81 484
2 83 803
2 88 163
2 91 312
2 93 303
2 97 304
2 102 921
2 108 780
2 114 388
2 121 272
2 123 135
2 131 651
2 135 579
2 136 247
2 138 262
2 141 483
2 147 743
2 150 837
2 157 53
2 158 305
2 169 927
2 171 742
2 177 339
2 178 395
2 181 34
2 185 770
2 197 447
3 0 688
3 2 960
3 6 732
3 10 974
3 13 970
3 19 535
3 22 167
3 23 14
3 27 635
3 35 240
3 41 954
3 53 885
3 58 233
3 59 615
3 91 210
3 94 776
3 97 185
3 98 565
3 104 894
3 106 2
3 109 940
3 110 90
3 122 812
3 125 784
3 127 346
3 136 725
3 139 150
3 142 233
3 149 413
3 151 228
3 153 46
3 160 816
3 162 78
3 166 300
3 169 113
3 175 655
3 179 508
3 183 975
3 191 860
3 194 710
3 199 932
4 1 262
4 5 567
4 12 506
4 16 812
4 18 310
4 28 759
4 32 941
4 34 555
4 35 881
4 45 553
4 48 205
4 51 177
4 59 733
4 63 840
4 65 318
4 71 613
4 73 977
4 74 611
4 84 229
4 86 855
4 87 251
4 93 153
4 95 817
4 96 374
4 97 405
4 99 872
4 100 115
4 101 102
4 108 865
4 115 888
4 117 195
4 121 4
4 140 745
4 144 848
4 152 373
4 155 348
4 158 874
4 161 851
4 163 901
4 171 872
4 173 251
4 175 188
4 189 673
4 192 144
5 4 383
5 8 847
5 13 260
5 14 485
5 16 61
5 28 460
5 46 804
5 51 149
5 52 253
5 55 50
5 72 353
5 73 148
5 83 974
5 88 903
5 90 913
5 91 277
5 93 216
5 95 637
5 97 473
5 98 84
5 105 728
5 112 505
5 114 939
5 117 746
5 134 103
5 141 701
5 142 202
5 147 686
5 153 207
5 161 293
5 172 244
5 175 309
5 177 612
5 180 157
5 188 627
5 190 401
5 193 559
5 197 975
5 199 281
6 3 10
6 11 134
6 21 43
6 32 686
6 34 385
6 41 252
6 42 508
6 57 558
6 59 688
6 61 76
6 66 893
6 74 476
6 79 701
6 93 277
6 96 971
6 98 302
6 99 352
6 103 289
6 105 214
6 109 371
6 110 144
6 112 156
6 113 661
6 114 475
6 121 202
6 123 312
6 125 343
6 126 581
6 127 257
6 129 59
6 139 337
6 148 427
6 150 76
6 152 881
6 157 615
6 172 388
6 176 156
6 177 970
6 184 790
6 187 33
6 192 921
6 198 750
6 199 236
7 6 352
7 7 726
7 13 537
7 26 844
7 37 634
7 44 150
7 48 326
7 58 259
7 63 835
7 65 506
7 69 519
7 71 829
7 72 621
7 75 866
7 85 415
7 86 626
7 87 938
7 88 422
7 92 813
7 101 716
7 102 25
7 103 954
7 104 544
7 113 70
7 115 693
7 118 60
7 120 588
7 121 663
7 122 53
7 130 107
7 132 395
7 133 974
7 141 752
7 150 877
7 153 637
7 154 528
7 158 943
7 160 780
7 164 170
7 166 738
7 171 598
7 181 841
7 183 280
7 190 822
7 191 557
8 1 54
8 2 215
8 3 479
8 12 998
8 15 452
8 16 351
8 25 639
8 27 774
8 40 399
8 44 422
8 48 286
8 55 869
8 57 469
8 60 694
8 62 56
8 71 301
8 74 516
8 76 993
8 78 192
8 81 479
8 82 289
8 84 64
8 86 482
8 88 999
8 89 88
8 90 349
8 92 206
8 95 55
8 100 79
8 104 70
8 105 57
8 109 451
8 112 768
8 116 587
8 117 364
8 118 882
8 119 949
8 124 352
8 126 5
8 130 251
8 135 956
8 136 412
8 139 394
8 142 586
8 147 839
8 155 581
8 158 824
8 169 713
8 178 459
8 194 228
8 195 911
9 2 454
9 13 152
9 15 3
9 18 41
9 24 532
9 26 622
9 34 338
9 41 791
9 44 493
9 50 800
9 52 274
9 62 812
9 65 114
9 68 824
9 71 773
9 73 212
9 81 900
9 82 79
9 84 502
9 90 148
9 92 243
9 96 828
9 99 827
9 102 653
9 111 835
9 114 985
9 119 587
9 128 746
9 131 340
9 134 56
9 137 705
9 144 124
9 146 838
9 150 646
9 154 399
9 158 361
9 160 108
9 161 585
9 166 390
9 186 155
9 187 673
10 0 736
10 1 526
10 6 716
10 12 451
10 13 907
10 14 887
10 16 512
10 30 912
10 32 249
10 33 485
10 38 348
10 42 318
10 45 875
10 46 648
10 49 318
10 52 479
10 53 659
10 61 830
10 62 124
10 64 365
10 83 53
10 90 357
10 95 917
10 121 458
10 126 872
10 134 762
10 142 194
10 146 982
10 148 324
10 149 105
10 150 542
10 161 272
10 164 515
10 166 793
10 167 144
10 168 319
10 174 471
10 175 704
10 179 515
10 180 765
10 183 877
10 193 721
10 196 919
11 0 83
11 1 483
11 3 360
11 5 500
11 6 747
11 10 777
11 12 379
11 16 720
11 17 728
11 23 887
11 32 521
11 33 538
11 35 767
11 38 478
11 40 467
11 52 975
11 54 218
11 62 755
11 65 142
11 68 626
11 70 833
11 71 217
11 77 98
11 79 459
11 91 996
11 93 937
11 95 610
11 96 48
11 105 545
11 109 192
11 117 811
11 119 975
11 121 108
11 122 619
11 129 829
11 130 378
11 132 678
11 133 256
11 134 411
11 151 821
11 160 720
11 161 597
11 162 161
11 177 308
11 184 775
12 1 283
12 8 431
12 13 529
12 15 615
12 19 923
12 20 382
12 23 260
12 39 206
12 41 890
12 44 73
12 56 723
12 61 544
12 64 652
12 66 573
12 81 677
12 83 201
12 94 885
12 96 297
12 98 732
12 111 555
12 114 157
12 120 747
12 128 178
12 131 180
12 140 317
12 146 881
12 151 492
12 158 65
12 164 303
12 172 855
12 174 994
12 176 516
12 179 799
12 180 238
12 181 521
12 185 980
12 192 393
12 194 552
13 2 354
13 3 257
13 4 828
13 5 80
13 7 846
13 8 862
13 15 619
13 21 606
13 22 446
13 24 247
13 26 885
13 31 190
13 33 737
13 43 916
13 47 656
13 48 62
13 62 929
13 65 105
13 76 296
13 82 90
13 84 891
13 88 770
13 91 628
13 95 30
13 98 633
13 108 857
13 112 833
13 120 922
13 121 455
13 128 618
13 129 399
13 132 326
13 133 103
13 145 334
13 154 561
13 163 35
13 164 905
13 170 449
13 174 260
13 185 248
13 191 558
13 198 356
13 199 177
14 0 205
14 9 259
14 20 242
14 24 659
14 28 160
14 33 219
14 44 523
14 51 818
14 53 709
14 54 736
14 58 793
14 64 238
14 73 456
14 80 737
14 81 864
14 90 931
14 91 66
14 95 812
14 101 701
14 106 449
14 108 145
14 110 415
14 117 405
14 122 969
14 123 415
14 125 171
14 128 356
14 135 659
14 139 449
14 147 89
14 150 368
14 161 301
14 162 924
14 170 176
14 173 870
14 190 559
14 191 909
15 4 775
15 5 639
15 9 912
15 15 272
15 22 356
15 23 933
15 24 619
15 27 355
15 37 390
15 39 281
15 41 112
15 53 81
15 58 429
15 59 582
15 67 676
15 68 684
15 79 161
15 80 970
15 88 922
15 91 800
15 98 455
15 103 672
15 104 956
15 105 635
15 117 35
15 118 87
15 119 221
15 121 459
15 129 609
15 136 699
15 137 931
15 142 3
15 148 202
15 150 270
15 154 917
15 166 385
15 169 7
15 171 102
15 184 526
15 191 256
15 199 631
16 7 446
16 11 816
16 12 294
16 20 618
16 23 134
16 24 267
16 26 742
16 28 469
16 31 648
16 44 337
16 45 387
16 54 282
16 56 148
16 58 469
16 63 754
16 70 878
16 71 490
16 73 902
16 81 358
16 86 220
16 88 8
16 91 97
16 92 924
16 95 122
16 102 503
16 104 71
16 111 193
16 115 974
16 118 494
16 119 171
16 121 350
16 127 215
16 128 293
16 130 818
16 137 285
16 138 519
16 143 568
16 147 363
16 149 91
16 151 311
16 155 118
16 164 360
16 177 323
16 181 562
16 182 133
16 191 829
16 198 702
17 4 20
17 8 358
17 13 58
17 19 854
17 27 73
17 31 282
17 40 413
17 48 322
17 50 234
17 60 555
17 65 577
17 68 153
17 78 994
17 79 757
17 80 818
17 82 52
17 85 549
17 91 766
17 96 928
17 97 356
17 114 466
17 116 611
17 119 826
17 121 365
17 130 662
17 131 736
17 141 105
17 144 881
17 145 996
17 155 913
17 157 376
17 167 917
17 169 152
17 170 55
17 171 615
17 174 657
17 177 60
17 178 50
17 180 676
17 183 117
17 186 904
17 196 436
17 197 83
18 1 601
18 4 359
18 6 515
18 11 632
18 12 500
18 18 585
18 19 190
18 25 384
18 30 341
18 32 506
18 35 392
18 38 535
18 40 21
18 42 287
18 60 456
18 69 623
18 72 58
18 73 153
18 74 481
18 76 709
18 77 471
18 90 335
18 94 59
18 101 612
18 105 939
18 114 521
18 119 30
18 120 470
18 121 870
18 128 95
18 132 552
18 134 251
18 140 500
18 143 46
18 144 425
18 165 54
18 167 537
18 168 851
18 189 89
18 191 723
18 192 325
19 8 434
19 10 624
19 12 607
19 15 237
19 23 303
19 29 948
19 33 293
19 36 753
19 39 647
19 40 587
19 42 595
19 43 275
19 45 958
19 47 989
19 48 78
19 60 684
19 62 32
19 66 360
19 68 9
19 69 842
19 70 76
19 90 269
19 92 279
19 96 983
19 106 18
19 110 86
19 111 43
19 113 658
19 114 604
19 115 165
19 117 47
19 118 611
19 121 351
19 125 764
19 126 843
19 131 578
19 133 630
19 134 190
19 145 569
19 157 502
19 158 886
19 167 364
19 169 858
19 172 908
19 178 162
19 183 827
19 184 329
19 192 595
20 22 99
20 31 138
20 35 384
20 38 237
20 43 704
20 45 407
20 55 552
20 56 862
20 62 830
20 64 409
20 70 861
20 73 224
20 75 874
20 76 652
20 79 268
20 83 268
20 85 521
20 89 474
20 93 732
20 96 199
20 97 867
20 99 528
20 107 910
20 115 75
20 116 406
20 134 578
20 135 601
20 138 375
20 146 599
20 149 861
20 150 31
20 155 723
20 156 235
20 163 846
20 170 369
20 176 73
20 179 626
20 191 731
20 192 239
20 199 909
21 1 557
21 6 893
21 8 525
21 17 722
21 21 705
21 24 447
21 33 423
21 38 829
21 48 12
21 53 91
21 60 832
21 63 144
21 66 865
21 70 531
21 79 383
21 80 769
21 84 195
21 90 72
21 96 589
21 97 93
21 98 465
21 99 61
21 106 369
21 109 386
21 110 408
21 111 389
21 116 552
21 126 271
21 128 300
21 138 915
21 140 357
21 141 680
21 144 150
21 145 47
21 149 886
21 152 659
21 156 230
21 159 793
21 168 171
21 174 195
21 182 981
21 183 12
21 184 764
21 185 835
21 188 670
21 196 747
22 2 96
22 7 429
22 8 356
22 10 830
22 22 872
22 33 782
22 34 933
22 48 264
22 49 805
22 55 796
22 57 877
22 59 602
22 66 23
22 69 488
22 75 996
22 78 882
22 80 53
22 81 86
22 88 981
22 94 957
22 97 302
22 99 718
22 106 451
22 109 628
22 113 160
22 118 355
22 123 869
22 124 596
22 125 89
22 127 510
22 129 220
22 137 861
22 142 326
22 146 512
22 148 140
22 152 174
22 159 759
22 160 140
22 162 706
22 164 628
22 166 927
22 167 197
22 171 183
22 179 205
22 180 435
22 185 373
22 186 666
22 190 983
22 193 628
22 194 867
23 0 256
23 5 987
23 7 957
23 8 293
23 10 267
23 17 616
23 18 483
23 23 622
23 26 879
23 29 111
23 31 870
23 37 734
23 38 395
23 44 560
23 50 719
23 51 770
23 56 549
23 74 757
23 78 377
23 79 431
23 81 214
23 85 108
23 87 221
23 89 472
23 92 940
23 99 397
23 113 58
23 115 460
23 120 814
23 125 580
23 133 318
23 139 810
23 158 819
23 165 512
23 168 443
23 173 468
23 181 748
23 184 468
23 186 112
23 187 934
23 196 928
23 199 487
24 7 815
24 9 430
24 19 186
24 23 78
24 25 802
24 27 317
24 44 525
24 51 738
24 55 757
24 57 829
24 58 322
24 62 690
24 63 819
24 64 408
24 73 333
24 74 17
24 78 485
24 82 457
24 85 841
24 89 401
24 91 520
24 93 477
24 98 601
24 102 877
24 110 644
24 114 117
24 119 183
24 129 156
24 133 440
24 139 48
24 150 168
24 152 611
24 159 980
24 164 73
24 171 530
24 184 213
25 5 235
25 10 149
25 17 498
25 20 505
25 26 137
25 29 126
25 30 768
25 32 40
25 46 333
25 50 954
25 51 598
25 52 308
25 62 30
25 63 792
25 64 215
25 65 564
25 72 540
25 73 129
25 75 772
25 78 340
25 81 347
25 85 369
25 93 118
25 103 797
25 114 960
25 117 494
25 118 143
25 120 203
25 131 731
25 139 863
25 144 199
25 150 620
25 153 186
25 166 91
25 169 113
25 187 808
25 196 628
26 5 370
26 6 210
26 7 906
26 8 516
26 18 330
26 25 627
26 27 775
26 30 541
26 32 268
26 34 421
26 39 608
26 45 393
26 46 836
26 50 664
26 51 331
26 53 278
26 55 404
26 59 416
26 62 189
26 64 549
26 65 765
26 69 772
26 72 481
26 81 323
26 88 407
26 90 507
26 92 869
26 98 930
26 106 427
26 108 983
26 111 812
26 112 519
26 117 513
26 120 418
26 136 953
26 163 351
26 167 536
26 168 663
26 169 875
26 170 441
26 171 706
26 183 710
26 185 308
26 187 402
26 193 831
26 197 901
26 198 968
27 2 71
27 6 711
27 12 551
27 19 297
27 29 91
27 31 607
27 39 398
27 43 93
27 44 996
27 46 480
27 55 870
27 58 18
27 59 884
27 63 366
27 73 921
27 84 802
27 90 653
27 96 853
27 109 717
27 111 507
27 113 158
27 121 824
27 135 413
27 153 730
27 154 288
27 162 827
27 168 201
27 171 303
27 178 783
27 179 628
27 180 128
27 181 426
27 187 8
27 194 468
28 0 608
28 4 617
28 12 689
28 16 719
28 19 505
28 22 419
28 24 814
28 25 768
28 31 855
28 37 780
28 40 99
28 46 43
28 53 711
28 54 999
28 57 832
28 59 309
28 68 986
28 81 236
28 87 265
28 98 547
28 102 821
28 109 477
28 111 224
28 117 872
28 119 479
28 121 809
28 123 292
28 125 978
28 128 32
28 131 375
28 133 860
28 134 259
28 147 752
28 153 111
28 156 352
28 163 971
28 166 929
28 170 208
28 179 410
28 184 794
28 187 591
28 194 248
28 196 824
29 0 757
29 12 785
29 17 8
29 21 869
29 23 289
29 25 626
29 26 198
29 27 370
29 37 782
29 40 293
29 48 141
29 62 416
29 63 104
29 64 876
29 74 925
29 77 327
29 78 463
29 79 378
29 82 576
29 83 539
29 87 54
29 90 888
29 91 325
29 104 158
29 113 301
29 122 41
29 129 442
29 132 666
29 133 270
29 134 350
29 143 574
29 148 600
29 155 603
29 158 21
29 163 164
29 165 910
29 177 256
29 187 978
29 191 592
29 193 381
29 194 772
30 10 993
30 18 731
30 25 925
30 41 206
30 57 451
30 63 271
30 64 114
30 65 985
30 73 676
30 78 986
30 80 484
30 82 781
30 86 869
30 88 197
30 91 730
30 95 733
30 99 10
30 103 344
30 104 458
30 107 838
30 108 858
30 111 299
30 112 787
30 116 772
30 117 607
30 120 972
30 127 70
30 136 896
30 138 87
30 139 745
30 141 969
30 143 161
30 144 895
30 149 534
30 150 345
30 151 735
30 152 692
30 156 831
30 158 993
30 159 114
30 164 467
30 168 467
30 170 910
30 178 562
30 180 740
30 182 80
30 183 859
30 184 425
30 192 355
30 194 201
30 195 160
31 7 306
31 8 728
31 13 143
31 16 819
31 18 21
31 19 452
31 28 902
31 36 192
31 43 557
31 44 269
31 49 103
31 51 426
31 75 937
31 76 629
31 85 5
31 87 314
31 91 315
31 110 904
31 112 102
31 115 3
31 117 339
31 121 815
31 123 301
31 129 854
31 130 423
31 140 233
31 148 676
31 158 97
31 163 562
31 166 310
31 189 533
31 194 997
31 196 13
32 13 806
32 33 914
32 34 597
32 50 125
32 53 400
32 59 39
32 60 13
32 61 622
32 62 660
32 67 43
32 74 878
32 90 853
32 101 535
32 121 135
32 129 582
32 143 627
32 147 254
32 153 868
32 160 858
32 163 372
32 179 798
32 186 777
32 193 30
32 194 561
32 196 744
32 198 955
33 5 345
33 6 362
33 7 463
33 13 734
33 15 9
33 16 42
33 21 821
33 22 963
33 23 84
33 28 215
33 40 9
33 41 833
33 47 668
33 48 339
33 60 432
33 85 71
33 93 732
33 110 449
33 111 113
33 116 167
33 117 617
33 120 725
33 125 877
33 134 106
33 141 292
33 143 9
33 146 944
33 150 111
33 161 489
33 180 704
33 181 670
33 185 312
33 187 748
33 191 164
34 0 441
34 4 172
34 5 873
34 24 997
34 27 832
34 35 818
34 42 427
34 46 734
34 47 641
34 49 894
34 66 154
34 71 482
34 73 637
34 74 907
34 81 677
34 87 182
34 93 528
34 104 673
34 106 473
34 119 925
34 128 61
34 129 847
34 132 134
34 133 575
34 134 148
34 139 418
34 141 961
34 149 229
34 151 171
34 154 973
34 156 950
34 159 740
34 160 0
34 162 115
34 166 44
34 172 254
34 181 331
34 188 230
34 190 837
34 191 929
34 194 361
34 196 586
34 197 881
34 198 126
35 14 870
35 21 305
35 28 562
35 30 575
35 32 156
35 38 188
35 40 662
35 44 874
35 47 229
35 48 77
35 54 672
35 56 122
35 65 463
35 70 512
35 72 20
35 75 740
35 79 374
35 82 243
35 86 292
35 91 739
35 98 265
35 106 596
35 110 222
35 112 629
35 118 475
35 122 931
35 124 530
35 127 263
35 133 18
35 135 256
35 145 30
35 148 945
35 151 732
35 154 838
35 156 193
35 158 11
35 160 435
35 162 838
35 163 114
35 164 976
35 168 578
35 177 725
35 178 559
35 182 628
35 183 801
35 188 889
35 189 196
35 191 923
35 194 254
35 196 391
35 198 914
36 12 67
36 17 583
36 19 450
36 20 670
36 29 468
36 30 593
36 39 537
36 57 212
36 60 360
36 62 716
36 63 415
36 70 928
36 80 813
36 82 610
36 86 690
36 93 368
36 94 421
36 104 934
36 105 826
36 122 782
36 128 475
36 133 639
36 146 335
36 153 970
36 160 620
36 163 269
36 181 65
36 186 531
36 191 116
36 196 355
37 6 771
37 7 825
37 14 30
37 18 586
37 27 212
37 31 356
37 33 673
37 37 142
37 41 180
37 42 936
37 46 931
37 48 228
37 58 561
37 62 837
37 63 823
37 73 152
37 81 623
37 92 462
37 99 989
37 107 827
37 115 653
37 116 610
37 119 230
37 125 947
37 126 408
37 130 637
37 131 320
37 135 341
37 137 363
37 146 96
37 147 487
37 148 239
37 161 271
37 169 754
37 170 305
37 175 659
37 178 509
37 192 198
38 1 452
38 3 235
38 20 930
38 27 213
38 41 418
38 43 616
38 46 741
38 49 504
38 52 760
38 59 479
38 63 979
38 75 971
38 76 123
38 94 316
38 98 337
38 102 58
38 110 806
38 112 525
38 117 876
38 122 112
38 123 129
38 124 929
38 126 249
38 127 333
38 132 175
38 144 1
38 163 976
38 169 740
38 178 59
38 182 618
38 193 206
39 7 947
39 9 31
39 10 119
39 12 884
39 19 889
39 20 437
39 37 613
39 43 400
39 44 365
39 45 150
39 46 955
39 63 554
39 65 926
39 66 47
39 67 446
39 68 975
39 74 677
39 81 890
39 86 660
39 92 511
39 99 359
39 109 687
39 123 181
39 130 139
39 132 593
39 133 941
39 134 846
39 137 622
39 147 29
39 151 703
39 152 758
39 153 321
39 155 709
39 156 152
39 157 496
39 158 638
39 166 732
39 181 71
39 183 392
39 184 957
39 188 573
39 193 113
40 10 90
40 12 103
40 21 471
40 22 420
40 24 925
40 27 265
40 28 968
40 36 48
40 41 955
40 44 263
40 45 187
40 55 406
40 59 973
40 60 547
40 61 124
40 68 243
40 72 790
40 75 273
40 76 415
40 77 425
40 81 156
40 86 441
40 88 374
40 94 698
40 95 894
40 114 790
40 116 35
40 118 263
40 119 674
40 129 230
40 138 198
40 140 111
40 144 722
40 145 34
40 153 251
40 157 602
40 160 262
40 185 600
40 187 168
40 191 961
40 198 329
40 199 950
41 2 370
41 3 713
41 11 209
41 15 558
41 17 532
41 20 591
41 21 687
41 24 483
41 26 927
41 27 455
41 28 313
41 45 843
41 48 187
41 55 348
41 62 697
41 63 119
41 74 385
41 85 572
41 87 309
41 88 81
41 90 104
41 98 593
41 99 764
41 104 872
41 107 131
41 113 880
41 114 70
41 116 240
41 117 185
41 118 846
41 119 493
41 121 933
41 122 176
41 123 405
41 124 906
41 125 399
41 135 377
41 136 806
41 142 766
41 147 36
41 150 397
41 152 886
41 163 879
41 168 984
41 174 520
41 182 24
41 183 214
41 185 770
41 187 538
41 190 753
41 196 602
42 3 184
42 15 667
42 17 61
42 22 587
42 31 355
42 43 121
42 48 565
42 49 313
42 54 684
42 56 233
42 58 630
42 62 370
42 66 109
42 69 251
42 76 654
42 77 541
42 79 930
42 85 395
42 87 58
42 94 459
42 95 379
42 96 311
42 104 221
42 108 832
42 114 472
42 117 815
42 118 893
42 119 73
42 121 69
42 123 164
42 126 412
42 134 926
42 139 917
42 145 582
42 148 685
42 149 319
42 155 620
42 169 313
42 177 585
42 178 674
42 184 47
42 188 104
42 189 4
42 194 249
43 12 280
43 13 233
43 18 70
43 22 184
43 23 983
43 27 292
43 28 980
43 31 950
43 37 470
43 39 799
43 41 523
43 51 962
43 54 441
43 59 442
43 63 982
43 67 252
43 74 254
43 75 412
43 85 0
43 88 255
43 104 124
43 106 382
43 107 412
43 108 545
43 110 709
43 111 127
43 121 162
43 123 181
43 132 892
43 144 434
43 146 219
43 153 492
43 154 926
43 155 190
43 156 29
43 158 524
43 161 891
43 164 270
43 166 490
43 167 288
43 168 957
43 171 853
43 174 932
43 178 914
43 182 885
43 190 102
43 194 72
44 2 957
44 10 830
44 15 916
44 20 614
44 24 345
44 34 168
44 36 157
44 39 127
44 42 140
44 45 354
44 46 986
44 56 453
44 68 501
44 72 947
44 86 543
44 87 140
44 89 378
44 108 754
44 119 807
44 121 52
44 125 240
44 126 400
44 127 683
44 137 973
44 144 473
44 147 499
44 152 38
44 160 99
44 161 366
44 164 738
44 169 686
44 173 106
44 185 472
44 186 248
44 189 857
44 191 149
44 193 227
44 195 391
45 0 36
45 13 656
45 18 355
45 24 678
45 27 67
45 48 466
45 51 688
45 56 630
45 65 879
45 67 303
45 68 357
45 72 762
45 74 485
45 82 465
45 84 950
45 98 305
45 100 226
45 104 396
45 108 67
45 127 744
45 138 337
45 144 393
45 148 826
45 151 899
45 157 101
45 160 317
45 163 603
45 166 938
45 178 948
45 179 843
45 180 62
45 183 965
45 191 789
46 2 642
46 5 993
46 6 495
46 12 407
46 17 292
46 20 991
46 22 18
46 23 80
46 25 677
46 30 341
46 31 271
46 32 542
46 45 242
46 47 189
46 48 803
46 54 461
46 57 286
46 64 324
46 68 884
46 73 234
46 75 395
46 78 219
46 84 416
46 90 179
46 99 623
46 102 397
46 105 780
46 110 802
46 115 207
46 119 718
46 125 419
46 131 506
46 132 916
46 133 0
46 146 782
46 147 540
46 154 645
46 156 38
46 169 307
46 171 21
46 178 44
46 181 30
46 183 120
46 188 26
46 189 423
46 194 586
47 7 455
47 8 504
47 14 453
47 15 643
47 17 636
47 21 258
47 23 606
47 24 539
47 31 404
47 37 288
47 39 1
47 40 729
47 51 96
47 53 821
47 56 79
47 60 961
47 65 638
47 77 928
47 82 985
47 89 340
47 94 370
47 98 685
47 102 282
47 105 876
47 107 495
47 109 279
47 113 175
47 122 862
47 123 265
47 130 319
47 132 412
47 136 737
47 145 740
47 146 77
47 163 50
47 169 458
47 174 722
47 177 137
47 178 531
47 181 804
47 184 534
47 186 772
47 191 32
47 192 819
47 193 557
47 196 535
48 1 707
48 4 791
48 5 484
48 6 92
48 14 108
48 18 273
48 21 991
48 22 24
48 29 211
48 37 927
48 46 290
48 50 86
48 54 474
48 61 975
48 72 418
48 73 531
48 74 624
48 82 483
48 102 412
48 103 574
48 106 972
48 108 588
48 110 295
48 121 713
48 131 722
48 148 126
48 154 336
48 160 882
48 170 53
48 173 62
48 178 889
48 183 245
48 191 823
48 198 346
49 1 165
49 5 847
49 19 845
49 27 529
49 28 319
49 31 532
49 35 278
49 37 946
49 42 954
49 53 180
49 58 490
49 62 163
49 75 558
49 81 577
49 82 440
49 84 342
49 95 562
49 99 437
49 102 431
49 106 374
49 109 162
49 116 183
49 118 129
49 125 465
49 134 886
49 143 155
49 147 782
49 152 579
49 155 103
49 156 161
49 161 835
49 162 233
49 166 986
49 169 827
49 170 998
49 171 539
49 175 50
49 178 640
49 181 196
49 184 982
49 188 251
49 192 696
50 3 532
50 7 171
50 10 863
50 29 378
50 30 736
50 39 126
50 41 327
50 42 846
50 44 55
50 53 479
50 60 54
50 64 847
50 71 97
50 73 268
50 81 768
50 85 324
50 90 578
50 91 534
50 93 396
50 94 596
50 100 49
50 103 864
50 106 388
50 108 214
50 111 647
50 119 487
50 128 230
50 130 11
50 132 925
50 133 922
50 134 894
50 137 897
50 148 828
50 155 22
50 156 925
50 157 134
50 169 703
50 175 822
50 187 289
50 197 46
51 4 754
51 8 109
51 9 181
51 11 528
51 18 283
51 20 516
51 22 882
51 30 968
51 31 596
51 36 412
51 43 583
51 46 358
51 53 816
51 56 441
51 57 754
51 68 192
51 69 393
51 79 734
51 85 24
51 93 346
51 94 764
51 98 774
51 106 401
51 108 14
51 112 550
51 116 889
51 123 954
51 124 582
51 126 368
51 130 461
51 141 889
51 142 385
51 143 847
51 146 949
51 151 521
51 154 43
51 155 271
51 156 408
51 158 499
51 164 223
51 172 586
51 173 631
51 177 897
51 190 773
51 191 667
51 196 986
52 1 716
52 6 636
52 13 449
52 17 419
52 18 356
52 20 272
52 22 31
52 24 269
52 26 936
52 27 259
52 30 526
52 31 221
52 39 203
52 41 277
52 43 512
52 46 943
52 49 714
52 52 708
52 54 77
52 58 209
52 60 167
52 65 51
52 66 731
52 71 718
52 73 627
52 74 473
52 75 779
52 79 620
52 80 298
52 90 955
52 93 105
52 104 183
52 106 998
52 112 776
52 115 236
52 117 220
52 118 988
52 119 158
52 126 675
52 128 127
52 134 330
52 138 921
52 140 845
52 151 240
52 162 404
52 166 732
52 167 403
52 171 956
52 179 870
52 185 831
52 187 264
52 190 115
52 197 35
53 12 71
53 18 207
53 23 843
53 27 737
53 28 244
53 33 876
53 37 879
53 39 483
53 46 570
53 61 991
53 68 278
53 75 503
53 78 423
53 79 180
53 82 327
53 92 395
53 95 895
53 102 568
53 108 793
53 112 149
53 115 726
53 117 225
53 124 768
53 126 969
53 132 138
53 133 61
53 134 297
53 142 506
53 145 449
53 147 539
53 153 610
53 171 82
53 172 873
53 177 656
53 179 408
53 183 770
53 184 151
53 186 473
53 187 114
54 0 90
54 1 895
54 3 411
54 4 420
54 7 980
54 8 543
54 10 525
54 15 101
54 17 943
54 22 92
54 26 810
54 31 303
54 42 387
54 53 524
54 55 195
54 59 316
54 65 990
54 73 911
54 79 634
54 89 655
54 92 741
54 94 407
54 97 283
54 99 578
54 100 907
54 104 793
54 120 424
54 123 516
54 125 237
54 130 254
54 131 230
54 132 680
54 138 840
54 145 24
54 149 188
54 152 186
54 164 1
54 170 869
54 171 733
54 179 310
54 180 842
54 184 593
54 185 348
54 188 222
54 194 469
54 199 944
55 9 746
55 16 272
55 17 103
55 18 229
55 19 825
55 26 322
55 32 963
55 34 957
55 43 684
55 52 708
55 58 920
55 59 24
55 65 265
55 71 609
55 74 858
55 78 269
55 80 378
55 111 576
55 115 564
55 120 837
55 124 537
55 134 669
55 138 880
55 139 988
55 141 155
55 144 442
55 150 548
55 153 734
55 155 966
55 160 340
55 163 389
55 170 353
55 174 783
55 182 297
55 185 418
55 196 886
55 197 610
55 198 197
56 1 439
56 2 236
56 4 183
56 6 88
56 8 485
56 13 360
56 17 636
56 19 811
56 25 876
56 26 518
56 29 483
56 32 775
56 38 339
56 39 818
56 45 404
56 52 339
56 58 67
56 63 448
56 68 848
56 72 683
56 74 520
56 78 794
56 81 491
56 87 511
56 90 103
56 96 953
56 97 876
56 108 151
56 116 112
56 118 880
56 131 753
56 132 188
56 137 532
56 141 674
56 148 71
56 154 701
56 159 489
56 160 208
56 161 724
56 170 865
56 172 436
56 192 182
56 196 26
56 198 549
57 4 750
57 5 116
57 10 195
57 15 54
57 19 572
57 23 907
57 29 595
57 35 751
57 58 807
57 64 236
57 65 21
57 68 235
57 69 565
57 71 655
57 75 251
57 77 816
57 83 190
57 85 142
57 87 463
57 93 950
57 94 4
57 100 464
57 103 455
57 117 398
57 121 95
57 124 282
57 136 70
57 137 660
57 140 954
57 142 739
57 146 302
57 148 235
57 155 369
57 170 535
57 174 656
57 179 589
57 180 147
57 182 597
57 186 534
57 188 359
57 189 824
57 192 271
58 0 100
58 2 4
58 12 477
58 13 116
58 15 784
58 17 462
58 18 216
58 27 959
58 29 820
58 31 981
58 45 874
58 47 776
58 61 490
58 68 136
58 73 462
58 74 984
58 76 245
58 77 633
58 93 743
58 105 846
58 115 165
58 116 662
58 127 696
58 128 723
58 132 607
58 136 334
58 138 49
58 141 745
58 143 171
58 145 627
58 148 600
58 152 849
58 160 528
58 162 971
58 165 286
58 167 723
58 174 897
58 176 187
58 186 844
58 187 286
58 190 564
58 191 601
58 194 677
58 198 138
59 0 860
59 8 283
59 21 251
59 29 514
59 35 797
59 47 688
59 50 628
59 51 135
59 54 293
59 56 684
59 58 184
59 60 672
59 66 932
59 72 799
59 73 791
59 79 837
59 84 375
59 92 87
59 93 346
59 97 522
59 100 106
59 102 54
59 103 52
59 107 513
59 112 713
59 119 155
59 124 480
59 127 670
59 129 846
59 140 956
59 153 620
59 156 73
59 158 970
59 166 755
59 172 23
59 180 913
59 182 310
59 187 31
59 189 142
59 194 80
60 4 40
60 11 232
60 12 877
60 18 183
60 22 967
60 23 52
60 25 856
60 27 399
60 43 583
60 46 814
60 53 177
60 55 566
60 56 868
60 62 182
60 63 707
60 71 851
60 73 468
60 75 638
60 76 129
60 77 813
60 80 723
60 82 358
60 85 41
60 93 342
60 95 320
60 96 855
60 104 493
60 110 957
60 113 179
60 114 918
60 116 288
60 117 204
60 122 636
60 142 863
60 143 108
60 149 995
60 151 143
60 152 81
60 161 94
60 169 631
60 174 989
60 177 312
60 178 753
60 190 973
60 194 648
60 199 278
61 8 250
61 9 988
61 22 764
61 23 778
61 30 21
61 40 336
61 45 158
61 54 101
61 68 203
61 73 288
61 74 302
61 77 827
61 81 624
61 88 891
61 108 260
61 109 972
61 122 351
61 123 623
61 130 760
61 133 661
61 144 967
61 147 67
61 148 761
61 169 478
61 171 952
61 177 803
61 185 818
61 186 889
61 189 762
61 192 979
61 194 762
62 0 739
62 8 847
62 13 19
62 15 906
62 18 575
62 25 435
62 31 207
62 32 356
62 36 401
62 48 833
62 51 871
62 67 257
62 72 954
62 73 297
62 74 805
62 76 889
62 77 821
62 83 128
62 100 802
62 108 699
62 110 652
62 115 701
62 129 841
62 146 619
62 149 873
62 154 877
62 162 57
62 163 91
62 166 588
62 170 114
62 178 905
62 180 156
62 192 112
62 198 273
62 199 661
63 0 223
63 15 542
63 16 616
63 17 818
63 29 238
63 32 640
63 35 308
63 36 430
63 41 722
63 45 256
63 52 555
63 61 109
63 64 93
63 65 323
63 69 42
63 73 100
63 84 451
63 86 286
63 89 82
63 96 176
63 102 853
63 108 337
63 116 230
63 119 75
63 121 585
63 124 117
63 126 834
63 127 588
63 138 726
63 158 292
63 160 466
63 171 436
63 174 549
63 179 222
63 181 481
63 183 911
63 184 663
63 187 689
63 189 93
63 190 51
63 193 990
63 198 515
63 199 116
64 10 472
64 11 674
64 13 236
64 21 501
64 23 552
64 27 401
64 38 845
64 39 24
64 46 111
64 47 390
64 48 268
64 60 633
64 70 540
64 74 27
64 75 777
64 81 678
64 82 271
64 88 376
64 90 545
64 95 974
64 96 716
64 98 309
64 103 6
64 107 819
64 113 974
64 121 385
64 130 802
64 131 374
64 137 244
64 138 565
64 141 512
64 149 45
64 158 834
64 160 500
64 168 442
64 170 899
64 175 438
64 177 802
64 180 713
64 182 982
64 183 328
64 184 726
64 185 469
64 194 534
64 196 266
64 197 707
65 4 135
65 12 569
65 15 689
65 26 800
65 35 103
65 45 997
65 48 408
65 50 325
65 58 919
65 60 658
65 63 22
65 64 547
65 66 516
65 67 60
65 80 898
65 82 975
65 84 749
65 88 667
65 94 754
65 95 497
65 99 920
65 103 434
65 104 353
65 110 975
65 112 323
65 115 286
65 128 720
65 135 337
65 146 636
65 148 703
65 152 475
65 159 348
65 160 96
65 163 95
65 168 909
65 184 710
65 187 824
65 192 406
65 198 660
65 199 309
66 6 752
66 7 206
66 10 529
66 12 517
66 29 110
66 32 836
66 36 949
66 55 230
66 57 993
66 65 894
66 68 368
66 77 435
66 79 26
66 80 886
66 85 355
66 88 941
66 91 542
66 94 813
66 101 252
66 107 118
66 108 201
66 118 726
66 121 100
66 125 406
66 132 315
66 138 786
66 148 911
66 154 542
66 159 765
66 165 825
66 168 88
66 169 82
66 173 971
66 175 91
66 177 70
66 182 810
66 184 820
66 189 132
66 193 240
66 194 103
66 195 178
66 197 3
67 3 780
67 9 239
67 13 523
67 15 675
67 24 12
67 30 541
67 31 507
67 33 810
67 40 26
67 46 544
67 53 651
67 55 20
67 56 413
67 57 451
67 63 64
67 68 153
67 82 78
67 86 150
67 87 906
67 90 341
67 92 99
67 93 674
67 95 553
67 101 167
67 108 968
67 109 391
67 115 825
67 123 389
67 131 624
67 136 426
67 140 554
67 146 578
67 148 808
67 151 556
67 152 740
67 156 871
67 162 442
67 165 833
67 172 157
67 175 90
67 176 492
67 184 499
67 188 507
67 196 304
67 198 606
68 4 463
68 9 423
68 13 636
68 20 457
68 27 543
68 29 302
68 30 487
68 32 342
68 35 50
68 37 258
68 42 397
68 55 869
68 56 948
68 57 613
68 62 849
68 63 431
68 69 403
68 70 542
68 74 374
68 75 393
68 81 111
68 89 976
68 90 292
68 98 435
68 102 378
68 105 728
68 108 473
68 109 767
68 114 646
68 117 372
68 118 276
68 122 892
68 128 878
68 149 498
68 151 305
68 161 967
68 162 297
68 166 804
68 170 898
68 177 359
68 178 59
68 179 373
68 184 420
68 186 646
68 187 312
68 191 145
69 5 690
69 12 177
69 20 227
69 21 224
69 22 602
69 24 247
69 26 447
69 31 340
69 34 973
69 35 92
69 40 225
69 46 67
69 49 828
69 50 209
69 51 862
69 53 991
69 59 502
69 68 289
69 77 570
69 79 592
69 81 158
69 82 724
69 89 221
69 100 530
69 102 918
69 104 239
69 113 568
69 118 46
69 121 8
69 124 664
69 128 47
69 130 375
69 132 588
69 135 263
69 137 483
69 138 509
69 152 180
69 158 806
69 160 35
69 162 877
69 165 159
69 169 455
69 175 340
69 179 787
69 183 980
69 193 632
69 197 444
69 199 639
70 4 122
70 6 100
70 12 91
70 14 786
70 20 300
70 22 912
70 35 578
70 41 302
70 42 842
70 52 408
70 53 806
70 55 560
70 61 281
70 63 941
70 68 498
70 76 516
70 84 704
70 96 443
70 98 724
70 103 916
70 106 102
70 111 221
70 117 510
70 143 247
70 153 102
70 155 530
70 158 87
70 159 855
70 169 690
70 171 157
70 175 877
70 179 939
70 185 874
70 190 957
70 192 289
70 195 739
70 198 631
71 3 286
71 6 183
71 13 222
71 14 158
71 19 114
71 31 541
71 33 454
71 34 24
71 40 124
71 42 660
71 43 547
71 48 107
71 53 645
71 55 956
71 56 366
71 59 476
71 62 616
71 65 445
71 68 468
71 77 265
71 79 967
71 80 416
71 83 782
71 84 182
71 85 567
71 86 400
71 96 37
71 102 831
71 104 822
71 107 121
71 108 735
71 116 697
71 117 451
71 122 175
71 123 390
71 124 739
71 125 457
71 135 400
71 143 998
71 150 824
71 152 5
71 154 364
71 161 501
71 172 554
71 177 850
71 186 595
71 187 445
71 189 41
71 197 66
72 0 282
72 4 944
72 16 888
72 18 832
72 19 35
72 28 486
72 30 253
72 33 717
72 38 536
72 48 906
72 51 419
72 52 423
72 55 918
72 62 344
72 63 840
72 64 321
72 65 917
72 66 767
72 67 343
72 73 562
72 86 368
72 95 60
72 102 518
72 104 973
72 116 627
72 118 999
72 131 442
72 145 240
72 148 778
72 150 259
72 160 435
72 161 448
72 164 878
72 168 451
72 170 648
72 171 203
72 184 822
72 187 972
72 195 750
72 196 406
73 0 858
73 9 427
73 13 955
73 22 300
73 26 930
73 36 876
73 40 885
73 42 736
73 56 606
73 57 242
73 59 670
73 62 436
73 63 401
73 65 416
73 69 846
73 73 596
73 81 836
73 96 469
73 103 671
73 106 812
73 125 343
73 126 106
73 127 396
73 134 324
73 143 892
73 147 595
73 153 77
73 162 706
73 165 197
73 168 964
73 174 124
73 179 752
73 180 177
73 183 313
73 184 187
73 187 568
73 194 643
73 195 600
74 9 806
74 16 183
74 20 189
74 31 902
74 36 234
74 37 831
74 43 688
74 61 723
74 64 6
74 68 988
74 69 69
74 78 724
74 80 292
74 81 797
74 89 89
74 100 176
74 104 676
74 113 345
74 119 403
74 129 528
74 130 134
74 142 681
74 153 430
74 156 180
74 159 589
74 161 428
74 172 685
74 174 447
74 182 114
74 187 90
74 189 436
74 192 112
74 194 219
74 195 59
74 196 670
74 199 888
75 0 660
75 6 928
75 23 903
75 28 969
75 40 948
75 43 893
75 50 430
75 55 955
75 66 295
75 67 458
75 72 685
75 77 255
75 78 220
75 82 379
75 85 969
75 90 204
75 98 182
75 101 796
75 104 335
75 106 892
75 111 743
75 113 868
75 117 38
75 120 82
75 122 156
75 123 870
75 124 935
75 129 97
75 133 719
75 160 886
75 161 679
75 164 526
75 165 779
75 168 544
75 177 748
75 190 880
75 191 671
75 199 739
76 8 695
76 17 243
76 25 734
76 31 178
76 32 278
76 33 958
76 35 637
76 47 564
76 49 990
76 65 274
76 71 323
76 73 439
76 75 620
76 86 244
76 87 773
76 93 629
76 97 375
76 98 770
76 99 584
76 107 232
76 110 916
76 111 827
76 119 457
76 122 943
76 125 299
76 128 677
76 131 764
76 132 234
76 136 846
76 144 423
76 146 370
76 166 125
76 177 617
76 181 160
76 182 882
76 187 209
77 22 170
77 28 274
77 29 74
77 31 422
77 33 959
77 36 23
77 40 393
77 55 11
77 57 667
77 60 478
77 62 39
77 68 939
77 69 378
77 74 710
77 89 395
77 93 670
77 107 668
77 110 329
77 112 934
77 113 676
77 114 140
77 120 804
77 124 774
77 131 600
77 134 243
77 138 710
77 140 500
77 141 433
77 143 207
77 144 960
77 146 383
77 152 352
77 175 597
77 178 799
77 189 515
77 191 786
77 195 427
78 2 411
78 5 276
78 6 759
78 16 457
78 20 851
78 24 204
78 26 914
78 29 194
78 36 301
78 39 881
78 41 774
78 50 897
78 53 94
78 54 513
78 58 689
78 64 425
78 68 657
78 69 952
78 79 446
78 84 654
78 91 126
78 97 299
78 104 445
78 110 989
78 119 424
78 125 673
78 135 419
78 139 294
78 146 819
78 147 787
78 168 188
78 170 715
78 183 355
78 189 922
78 191 512
78 193 105
79 5 836
79 9 34
79 13 168
79 14 43
79 19 797
79 21 231
79 22 400
79 23 278
79 24 867
79 42 878
79 43 560
79 47 670
79 50 568
79 53 4
79 54 980
79 66 374
79 67 494
79 70 553
79 72 366
79 73 995
79 75 904
79 77 73
79 78 351
79 82 832
79 92 32
79 94 367
79 110 975
79 113 509
79 114 617
79 118 689
79 123 557
79 136 375
79 147 50
79 149 347
79 154 441
79 161 131
79 163 366
79 165 440
79 171 992
79 174 521
79 180 932
79 181 387
79 183 459
79 185 177
79 190 436
79 194 120
79 196 154
80 2 900
80 5 995
80 18 536
80 21 497
80 25 442
80 27 73
80 28 92
80 29 343
80 39 198
80 41 267
80 44 943
80 55 882
80 56 708
80 61 834
80 62 630
80 81 832
80 84 229
80 90 828
80 92 332
80 93 730
80 97 99
80 104 872
80 114 430
80 120 428
80 123 136
80 124 639
80 128 563
80 129 403
80 133 964
80 136 328
80 137 655
80 144 124
80 145 524
80 156 40
80 158 260
80 170 692
80 171 75
80 179 704
80 186 33
80 188 968
80 190 902
80 191 528
80 194 380
80 198 540
81 5 680
81 6 353
81 12 927
81 17 521
81 24 62
81 28 276
81 34 915
81 36 927
81 39 886
81 40 134
81 43 724
81 47 122
81 48 56
81 49 709
81 51 177
81 53 125
81 78 842
81 84 845
81 90 296
81 103 242
81 105 809
81 108 863
81 117 356
81 120 834
81 134 583
81 137 50
81 146 695
81 149 604
81 165 156
81 172 795
81 183 520
81 184 195
81 187 991
81 188 769
81 191 668
81 195 943
81 196 622
81 198 709
81 199 796
82 7 38
82 18 89
82 19 695
82 22 158
82 24 16
82 26 224
82 32 971
82 36 774
82 38 177
82 44 26
82 50 496
82 52 224
82 54 396
82 56 905
82 75 541
82 77 605
82 82 365
82 87 363
82 92 433
82 94 52
82 95 632
82 106 485
82 109 397
82 125 33
82 137 252
82 138 897
82 142 353
82 143 8
82 145 564
82 147 969
82 148 177
82 150 703
82 152 65
82 158 324
82 169 279
82 171 259
82 174 892
82 177 889
82 180 987
82 182 929
82 196 69
82 197 636
82 198 159
83 13 345
83 16 620
83 18 193
83 22 54
83 24 60
83 26 16
83 27 766
83 36 290
83 49 904
83 51 191
83 59 496
83 62 470
83 70 47
83 75 712
83 77 772
83 80 83
83 81 751
83 86 341
83 99 254
83 102 470
83 106 495
83 111 969
83 113 898
83 124 861
83 125 720
83 128 725
83 129 610
83 130 209
83 135 68
83 140 974
83 145 487
83 146 271
83 148 242
83 150 782
83 151 185
83 156 626
83 170 802
83 171 678
83 172 560
83 174 949
83 175 598
83 178 418
83 180 675
83 183 393
83 184 644
83 189 421
83 190 352
83 199 457
84 1 823
84 4 740
84 5 326
84 7 211
84 30 988
84 32 421
84 37 765
84 38 660
84 41 34
84 45 314
84 58 507
84 61 28
84 62 39
84 65 162
84 78 86
84 82 686
84 90 572
84 91 46
84 92 913
84 94 51
84 98 462
84 99 909
84 105 351
84 107 202
84 112 590
84 119 357
84 132 613
84 146 500
84 147 955
84 150 395
84 152 508
84 164 469
84 176 369
84 179 895
84 193 888
84 194 160
84 195 803
84 197 102
85 0 296
85 1 635
85 12 391
85 16 39
85 21 97
85 22 325
85 27 129
85 34 897
85 40 322
85 51 173
85 52 849
85 60 542
85 70 244
85 72 890
85 78 549
85 83 165
85 94 64
85 96 665
85 97 721
85 101 501
85 102 231
85 108 527
85 109 637
85 111 511
85 115 325
85 119 424
85 121 433
85 129 957
85 132 922
85 133 142
85 134 900
85 141 821
85 142 657
85 148 833
85 151 700
85 166 75
85 167 350
85 169 514
85 173 516
85 174 945
85 179 114
85 183 272
85 184 402
85 194 987
85 195 171
86 7 139
86 9 711
86 10 570
86 11 288
86 13 13
86 15 774
86 24 634
86 29 207
86 31 762
86 35 705
86 36 517
86 42 339
86 44 830
86 47 145
86 48 190
86 53 471
86 56 220
86 57 94
86 67 359
86 69 311
86 70 673
86 73 803
86 74 394
86 75 136
86 77 511
86 78 66
86 79 565
86 91 447
86 92 743
86 97 687
86 98 124
86 99 705
86 101 869
86 102 400
86 104 626
86 110 31
86 115 575
86 118 928
86 121 251
86 122 638
86 133 230
86 138 260
86 142 390
86 145 366
86 152 996
86 160 494
86 166 305
86 167 607
86 169 976
86 181 143
86 185 291
86 188 32
86 192 190
87 1 96
87 9 544
87 20 781
87 28 950
87 30 999
87 34 829
87 37 68
87 42 901
87 43 24
87 51 422
87 54 315
87 57 413
87 81 373
87 85 361
87 86 962
87 91 854
87 93 584
87 104 118
87 110 73
87 111 354
87 115 974
87 125 80
87 127 921
87 129 235
87 131 670
87 136 690
87 140 156
87 143 699
87 144 740
87 151 293
87 161 230
87 162 999
87 167 108
87 168 221
87 169 901
87 170 758
87 179 584
87 181 244
87 183 179
87 188 137
87 191 963
87 196 463
87 198 544
87 199 222
88 3 679
88 6 348
88 8 370
88 9 351
88 10 636
88 21 105
88 22 176
88 23 359
88 25 92
88 32 359
88 34 664
88 37 827
88 38 927
88 47 206
88 49 825
88 50 628
88 52 988
88 53 815
88 58 377
88 65 538
88 66 315
88 72 754
88 79 709
88 84 128
88 95 134
88 99 608
88 108 428
88 109 64
88 112 84
88 129 218
88 130 526
88 143 84
88 144 985
88 145 326
88 147 823
88 148 244
88 153 710
88 154 78
88 163 756
88 171 202
88 174 250
88 175 979
88 176 136
88 177 787
88 178 0
88 184 892
88 189 387
88 191 140
88 193 661
88 195 511
89 0 258
89 2 2
89 4 591
89 6 763
89 17 781
89 18 267
89 30 351
89 35 623
89 40 857
89 46 704
89 53 600
89 54 888
89 58 748
89 61 890
89 64 654
89 65 436
89 66 850
89 77 56
89 78 218
89 80 10
89 85 898
89 91 647
89 95 134
89 104 928
89 121 11
89 131 846
89 140 139
89 142 936
89 147 89
89 148 142
89 149 744
89 150 77
89 153 98
89 157 957
89 158 27
89 162 952
89 179 286
89 184 895
89 186 271
89 190 589
89 191 610
89 195 84
90 0 462
90 11 147
90 19 617
90 26 141
90 34 712
90 40 388
90 42 338
90 43 37
90 44 173
90 56 369
90 60 34
90 68 539
90 70 618
90 72 998
90 75 347
90 77 972
90 82 496
90 85 240
90 101 660
90 105 643
90 110 812
90 125 646
90 127 666
90 132 474
90 133 587
90 136 110
90 149 466
90 150 267
90 152 294
90 160 2
90 164 269
90 167 644
90 173 160
90 174 540
90 177 375
90 178 378
90 179 792
90 190 128
90 192 343
90 194 965
91 2 421
91 6 45
91 11 453
91 20 617
91 24 411
91 31 366
91 35 344
91 37 924
91 40 424
91 42 973
91 45 323
91 56 43
91 59 953
91 67 514
91 70 874
91 71 125
91 75 932
91 77 568
91 88 70
91 95 747
91 114 463
91 119 978
91 131 896
91 134 392
91 141 644
91 143 821
91 146 228
91 149 811
91 153 832
91 159 951
91 162 244
91 167 392
91 170 693
91 178 111
91 180 600
91 181 825
91 183 643
91 187 172
91 197 4
92 0 656
92 18 732
92 21 376
92 28 685
92 29 61
92 31 379
92 32 150
92 37 137
92 39 195
92 51 468
92 53 670
92 54 208
92 55 193
92 66 173
92 67 123
92 68 746
92 70 874
92 73 230
92 74 848
92 77 994
92 83 359
92 87 810
92 95 230
92 102 611
92 103 53
92 104 321
92 108 929
92 109 887
92 112 90
92 116 389
92 120 465
92 121 216
92 126 310
92 128 265
92 139 830
92 143 792
92 146 683
92 147 941
92 153 30
92 154 622
92 156 137
92 163 53
92 164 495
92 168 241
92 170 878
92 174 603
92 184 612
92 185 772
92 190 251
92 192 167
92 193 51
92 195 263
92 197 876
93 6 500
93 7 53
93 16 248
93 18 239
93 22 366
93 39 840
93 58 420
93 61 271
93 66 986
93 69 299
93 71 563
93 75 574
93 78 237
93 79 103
93 80 583
93 84 658
93 87 132
93 90 416
93 100 268
93 104 655
93 110 785
93 113 615
93 117 598
93 118 802
93 122 15
93 145 426
93 147 18
93 148 860
93 150 794
93 151 689
93 153 353
93 155 509
93 160 346
93 162 835
93 163 402
93 166 225
93 167 357
93 170 150
93 179 911
93 183 3
93 186 278
93 188 383
93 191 67
93 198 868
94 5 275
94 9 58
94 13 396
94 15 693
94 16 650
94 17 616
94 19 21
94 22 899
94 27 681
94 29 761
94 32 3
94 33 855
94 38 191
94 39 617
94 49 910
94 50 181
94 51 965
94 53 959
94 55 237
94 59 15
94 66 772
94 72 541
94 86 807
94 91 82
94 93 145
94 95 394
94 97 351
94 100 234
94 105 488
94 115 529
94 121 698
94 122 168
94 129 336
94 134 623
94 136 881
94 147 245
94 155 164
94 162 318
94 170 281
94 173 280
94 175 723
94 182 799
94 184 954
94 185 735
94 190 437
94 193 428
94 199 855
95 6 50
95 10 276
95 12 111
95 17 63
95 29 511
95 34 189
95 38 943
95 40 571
95 43 120
95 46 396
95 49 333
95 50 975
95 54 931
95 55 254
95 65 567
95 71 85
95 74 99
95 86 462
95 101 382
95 110 259
95 121 274
95 122 292
95 125 543
95 126 608
95 129 378
95 131 560
95 134 416
95 135 83
95 136 78
95 140 484
95 148 689
95 160 127
95 161 287
95 165 974
95 167 467
95 168 425
95 169 895
95 176 680
95 177 977
95 179 459
95 181 538
95 187 567
95 190 768
95 191 288
95 194 935
95 197 592
96 3 440
96 9 760
96 11 973
96 15 586
96 17 642
96 24 400
96 29 772
96 31 241
96 34 969
96 35 457
96 37 350
96 38 633
96 42 422
96 51 432
96 56 776
96 62 445
96 64 620
96 65 30
96 69 534
96 71 622
96 81 897
96 89 674
96 98 79
96 107 448
96 109 649
96 117 713
96 118 756
96 120 542
96 121 56
96 126 810
96 129 746
96 135 243
96 139 19
96 145 457
96 150 254
96 154 730
96 160 771
96 164 298
96 170 932
96 174 793
96 180 695
96 193 47
96 198 360
97 9 341
97 12 921
97 13 577
97 17 809
97 19 166
97 26 942
97 27 830
97 30 777
97 31 755
97 41 377
97 42 696
97 43 720
97 52 946
97 61 543
97 64 390
97 65 55
97 75 466
97 76 210
97 80 165
97 84 348
97 86 443
97 91 445
97 94 370
97 100 746
97 112 943
97 113 95
97 115 552
97 125 649
97 126 874
97 127 643
97 131 104
97 142 621
97 159 592
97 160 870
97 172 646
97 174 647
97 178 700
97 190 628
97 194 743
98 1 46
98 4 876
98 19 462
98 20 440
98 23 543
98 25 747
98 27 886
98 30 516
98 32 391
98 39 551
98 44 34
98 52 918
98 55 393
98 57 489
98 59 886
98 61 994
98 68 545
98 71 61
98 77 877
98 80 474
98 82 616
98 85 101
98 86 601
98 87 294
98 93 626
98 109 399
98 117 134
98 123 41
98 136 927
98 137 699
98 138 824
98 154 744
98 157 237
98 158 160
98 160 76
98 161 136
98 162 727
98 168 404
98 183 556
99 1 644
99 2 63
99 13 554
99 34 925
99 35 515
99 38 894
99 43 451
99 44 467
99 51 958
99 65 903
99 68 878
99 69 232
99 71 248
99 74 552
99 76 899
99 85 716
99 86 84
99 88 183
99 93 381
99 96 81
99 99 496
99 112 1
99 113 828
99 117 830
99 118 15
99 123 263
99 128 361
99 144 461
99 150 797
99 154 238
99 156 819
99 159 91
99 161 939
99 165 899
99 172 9
99 177 292
99 179 286
99 184 319
99 186 732
99 192 504
99 194 179
99 196 230
100 8 259
100 19 805
100 22 246
100 27 272
100 29 869
100 36 79
100 40 383
100 41 632
100 50 58
100 56 804
100 70 345
100 73 792
100 76 831
100 83 769
100 88 424
100 90 126
100 92 737
100 100 220
100 103 192
100 116 632
100 122 506
100 144 321
100 148 852
100 152 562
100 179 216
100 180 580
100 185 276
100 190 882
100 192 138
100 197 276
101 10 158
101 20 948
101 22 437
101 28 793
101 36 575
101 39 723
101 40 661
101 41 737
101 47 490
101 48 861
101 49 59
101 54 29
101 59 995
101 65 108
101 70 396
101 78 42
101 95 547
101 98 781
101 99 797
101 101 376
101 104 462
101 108 3
101 110 512
101 112 55
101 120 782
101 127 734
101 128 373
101 164 259
101 169 631
101 175 819
101 177 601
102 4 639
102 13 997
102 16 23
102 18 784
102 20 727
102 29 26
102 36 542
102 40 608
102 42 930
102 44 726
102 52 830
102 60 805
102 61 438
102 70 421
102 77 893
102 81 726
102 88 357
102 91 866
102 94 624
102 107 614
102 112 811
102 113 755
102 114 852
102 115 559
102 117 828
102 121 287
102 123 229
102 126 737
102 129 354
102 142 273
102 143 469
102 149 83
102 150 543
102 151 296
102 153 75
102 164 969
102 174 605
102 176 659
102 178 928
102 183 30
102 189 419
102 191 174
102 192 952
102 196 5
102 197 800
102 198 175
102 199 937
103 2 784
103 3 310
103 4 838
103 8 198
103 9 360
103 13 35
103 27 83
103 37 922
103 46 151
103 47 163
103 64 853
103 69 576
103 73 703
103 78 119
103 80 269
103 84 263
103 86 627
103 87 545
103 91 923
103 92 628
103 94 436
103 107 794
103 112 884
103 118 426
103 126 494
103 127 661
103 129 772
103 132 799
103 158 611
103 167 986
103 172 52
103 192 999
103 195 62
103 197 124
104 0 276
104 5 123
104 6 704
104 8 241
104 10 549
104 13 597
104 16 385
104 18 243
104 20 695
104 25 870
104 27 568
104 36 925
104 40 742
104 47 904
104 49 510
104 54 644
104 58 123
104 59 195
104 66 187
104 68 253
104 71 692
104 74 171
104 76 118
104 77 469
104 81 656
104 84 428
104 85 24
104 86 182
104 90 795
104 95 916
104 96 107
104 102 465
104 108 947
104 113 382
104 115 996
104 116 514
104 119 224
104 131 517
104 134 349
104 135 115
104 137 631
104 139 151
104 143 283
104 145 225
104 146 25
104 150 177
104 151 563
104 153 123
104 154 768
104 156 420
104 161 876
104 164 844
104 170 890
104 174 187
104 177 520
104 178 804
104 180 639
104 181 980
104 184 644
104 191 703
104 198 950
105 1 68
105 3 171
105 8 952
105 17 472
105 20 465
105 30 230
105 42 947
105 45 946
105 47 360
105 50 790
105 53 653
105 58 570
105 62 650
105 66 755
105 71 48
105 73 473
105 85 240
105 90 376
105 93 802
105 104 177
105 105 16
105 112 953
105 116 639
105 117 97
105 124 141
105 127 724
105 132 57
105 136 968
105 137 570
105 142 112
105 143 469
105 157 742
105 158 458
105 161 530
105 163 397
105 167 24
105 172 499
105 176 670
105 177 355
105 179 838
105 187 620
105 197 384
105 199 506
106 3 722
106 6 673
106 10 932
106 24 342
106 26 907
106 27 686
106 34 414
106 37 859
106 45 756
106 46 98
106 52 706
106 56 3
106 57 97
106 60 28
106 66 470
106 70 652
106 74 534
106 75 838
106 81 976
106 82 542
106 86 847
106 87 355
106 91 852
106 98 929
106 105 212
106 108 706
106 111 340
106 122 331
106 128 929
106 131 348
106 132 364
106 138 177
106 139 404
106 141 691
106 157 101
106 160 276
106 171 411
106 177 156
106 183 982
106 191 138
106 192 0
106 196 551
107 2 830
107 4 359
107 7 551
107 20 486
107 21 965
107 26 334
107 27 985
107 30 831
107 31 22
107 41 14
107 48 393
107 50 670
107 52 767
107 54 645
107 55 56
107 64 883
107 65 452
107 67 610
107 69 755
107 70 311
107 92 482
107 104 38
107 116 883
107 119 643
107 120 478
107 121 355
107 122 10
107 123 659
107 125 759
107 138 256
107 141 120
107 142 820
107 143 50
107 155 296
107 158 477
107 164 267
107 165 808
107 166 500
107 169 664
107 171 807
107 185 860
107 196 85
108 5 766
108 9 107
108 10 680
108 14 737
108 19 542
108 21 919
108 23 625
108 31 426
108 44 648
108 62 107
108 105 483
108 112 493
108 113 305
108 118 300
108 125 242
108 129 10
108 133 672
108 143 80
108 146 79
108 152 137
108 154 87
108 156 131
108 160 738
108 166 766
108 178 727
108 184 311
108 189 560
109 5 794
109 20 889
109 28 346
109 35 862
109 40 114
109 47 790
109 59 587
109 73 616
109 78 123
109 88 719
109 97 228
109 98 684
109 101 311
109 103 106
109 105 492
109 108 143
109 119 157
109 125 336
109 129 78
109 134 222
109 136 687
109 147 302
109 148 293
109 159 19
109 162 372
109 164 190
109 165 304
109 172 541
109 174 717
109 180 120
109 185 236
109 186 174
109 192 682
109 194 854
109 198 461
109 199 297
110 4 893
110 5 368
110 8 357
110 9 96
110 12 735
110 25 790
110 27 542
110 32 286
110 34 982
110 35 448
110 39 520
110 47 674
110 50 35
110 54 292
110 58 360
110 65 40
110 68 666
110 72 92
110 85 797
110 92 231
110 99 910
110 102 403
110 115 159
110 125 830
110 136 775
110 137 642
110 138 501
110 162 145
110 166 929
110 172 887
110 176 688
110 178 733
110 181 828
110 183 215
110 185 967
110 199 681
111 8 489
111 15 497
111 19 970
111 20 367
111 27 297
111 41 85
111 44 688
111 49 479
111 52 79
111 58 235
111 63 897
111 84 957
111 97 333
111 104 23
111 109 186
111 116 116
111 117 120
111 128 456
111 133 566
111 141 754
111 143 141
111 150 917
111 152 380
111 157 454
111 159 477
111 176 387
111 179 127
111 191 726
111 199 156
112 7 195
112 9 622
112 15 481
112 17 115
112 18 902
112 26 989
112 30 95
112 38 738
112 47 812
112 49 4
112 54 42
112 56 824
112 57 833
112 59 890
112 61 48
112 62 188
112 65 909
112 76 95
112 83 86
112 87 17
112 92 141
112 93 126
112 97 706
112 98 686
112 106 959
112 107 803
112 109 419
112 112 936
112 115 84
112 116 367
112 117 116
112 118 672
112 119 850
112 125 192
112 126 406
112 132 478
112 135 823
112 138 203
112 139 943
112 144 17
112 145 242
112 146 751
112 148 719
112 149 199
112 152 982
112 156 158
112 161 588
112 162 326
112 163 941
112 171 738
112 172 522
112 191 884
112 194 371
112 198 113
113 5 818
113 6 789
113 8 900
113 15 53
113 22 431
113 23 57
113 24 446
113 26 705
113 29 201
113 39 959
113 58 251
113 77 984
113 86 425
113 91 986
113 92 145
113 96 95
113 102 947
113 108 546
113 109 148
113 126 832
113 131 876
113 132 178
113 139 433
113 141 15
113 145 933
113 150 976
113 152 344
113 153 277
113 154 135
113 156 868
113 157 635
113 160 839
113 174 189
113 180 702
113 183 143
113 188 787
113 189 881
113 198 344
114 2 117
114 3 456
114 6 900
114 22 262
114 24 139
114 26 995
114 31 592
114 32 322
114 33 254
114 51 700
114 54 866
114 55 80
114 57 325
114 58 927
114 60 280
114 61 184
114 65 246
114 74 511
114 82 162
114 85 874
114 86 14
114 89 887
114 93 876
114 94 196
114 95 371
114 99 116
114 102 970
114 114 763
114 116 373
114 126 777
114 127 946
114 143 126
114 146 63
114 150 243
114 156 460
114 164 784
114 170 8
114 172 110
114 186 236
114 187 763
114 188 186
114 193 395
114 194 347
114 199 893
115 2 987
115 8 497
115 10 428
115 12 258
115 13 776
115 14 762
115 20 473
115 21 928
115 25 894
115 27 473
115 33 133
115 39 186
115 42 631
115 47 264
115 61 848
115 64 939
115 72 622
115 85 323
115 108 560
115 111 997
115 135 274
115 141 896
115 145 931
115 152 632
115 167 305
115 169 400
115 179 736
115 181 414
115 182 481
115 185 764
115 187 727
115 193 961
115 194 587
115 198 590
116 1 2
116 4 908
116 9 312
116 11 223
116 13 677
116 27 621
116 30 812
116 31 537
116 34 306
116 41 950
116 44 887
116 49 575
116 51 912
116 52 528
116 53 521
116 60 489
116 61 504
116 78 495
116 90 116
116 93 991
116 96 930
116 118 60
116 146 382
116 167 244
116 170 948
116 195 59
116 198 317
117 5 553
117 6 273
117 8 788
117 14 27
117 24 580
117 30 47
117 32 567
117 38 607
117 41 841
117 42 868
117 51 597
117 57 842
117 61 3
117 67 780
117 68 947
117 74 761
117 86 305
117 125 514
117 126 579
117 127 55
117 129 212
117 133 272
117 134 147
117 140 886
117 143 869
117 144 337
117 145 162
117 147 851
117 154 432
117 155 604
117 167 476
117 169 37
117 171 941
117 173 640
117 177 90
117 183 433
117 184 195
117 190 624
117 194 634
117 199 764
118 1 866
118 11 706
118 15 185
118 22 482
118 36 204
118 43 274
118 46 586
118 50 354
118 62 602
118 68 860
118 76 934
118 113 658
118 114 220
118 124 237
118 125 175
118 127 469
118 142 340
118 148 589
118 157 33
118 160 886
118 164 141
118 166 787
118 172 482
118 173 380
118 187 834
118 191 801
118 198 351
119 2 59
119 3 937
119 10 520
119 13 851
119 17 760
119 19 2
119 21 953
119 33 299
119 47 661
119 50 701
119 51 611
119 54 732
119 55 297
119 62 126
119 75 330
119 77 528
119 79 129
119 82 946
119 88 16
119 89 498
119 90 970
119 91 945
119 99 522
119 104 287
119 108 657
119 109 432
119 112 559
119 114 686
119 125 177
119 131 638
119 139 604
119 140 954
119 153 45
119 155 646
119 156 629
119 166 486
119 169 596
119 172 436
119 177 296
119 179 293
119 182 847
119 186 876
119 189 9
119 198 666
120 3 709
120 6 220
120 7 763
120 11 710
120 12 312
120 17 995
120 26 109
120 29 738
120 31 228
120 34 676
120 41 772
120 44 980
120 48 450
120 51 758
120 53 675
120 54 496
120 60 168
120 64 225
120 68 42
120 69 690
120 70 716
120 79 545
120 81 956
120 83 446
120 87 886
120 89 174
120 91 312
120 94 881
120 97 948
120 100 308
120 123 244
120 139 726
120 142 39
120 145 344
120 149 841
120 158 885
120 161 106
120 169 446
120 171 272
120 176 482
120 177 410
120 182 514
120 183 906
120 190 315
120 191 870
120 196 59
121 0 670
121 3 686
121 8 769
121 11 104
121 19 826
121 40 324
121 42 664
121 50 112
121 52 778
121 56 33
121 63 965
121 66 852
121 69 393
121 72 981
121 77 926
121 78 188
121 81 502
121 82 775
121 102 687
121 103 173
121 104 50
121 105 838
121 107 168
121 109 378
121 110 891
121 130 166
121 143 788
121 153 934
121 159 666
121 162 355
121 165 69
121 171 714
121 176 150
121 179 652
121 181 577
121 188 345
121 194 555
121 195 425
122 2 46
122 4 252
122 11 119
122 12 640
122 13 366
122 18 381
122 24 686
122 26 988
122 27 595
122 35 605
122 36 896
122 37 758
122 42 565
122 43 75
122 45 552
122 48 474
122 56 669
122 59 208
122 64 696
122 68 891
122 78 851
122 79 209
122 82 725
122 86 110
122 88 680
122 90 43
122 91 286
122 104 677
122 106 986
122 122 623
122 128 56
122 130 804
122 135 101
122 138 19
122 142 669
122 154 993
122 156 719
122 158 750
122 170 149
122 178 353
122 181 437
122 193 249
122 194 416
122 199 470
123 1 836
123 6 955
123 12 110
123 15 405
123 19 525
123 22 349
123 27 405
123 29 276
123 38 281
123 46 939
123 50 861
123 55 183
123 58 627
123 61 509
123 65 752
123 66 857
123 68 274
123 78 846
123 81 324
123 84 10
123 87 907
123 88 382
123 91 963
123 98 957
123 106 455
123 108 56
123 111 210
123 112 270
123 117 162
123 131 787
123 132 316
123 133 34
123 136 983
123 143 465
123 149 461
123 152 694
123 156 182
123 166 719
123 170 670
123 174 177
123 177 914
123 179 655
123 188 436
123 189 920
123 198 753
124 0 527
124 2 371
124 12 879
124 18 101
124 22 183
124 24 191
124 27 947
124 44 748
124 45 955
124 51 497
124 54 353
124 56 906
124 62 240
124 64 138
124 65 26
124 66 351
124 70 325
124 73 819
124 80 797
124 81 963
124 87 156
124 93 379
124 96 669
124 100 301
124 105 5
124 115 352
124 117 108
124 119 53
124 120 149
124 126 695
124 127 784
124 129 968
124 141 851
124 153 977
124 156 630
124 158 551
124 160 234
124 173 199
124 178 359
124 180 914
124 181 501
124 190 794
124 191 614
124 195 731
124 197 987
125 13 562
125 15 377
125 24 752
125 29 850
125 35 431
125 37 211
125 43 251
125 45 108
125 46 977
125 49 792
125 52 342
125 54 607
125 62 604
125 65 800
125 66 208
125 67 49
125 81 145
125 85 735
125 86 158
125 88 281
125 90 103
125 95 481
125 97 247
125 98 420
125 100 947
125 101 515
125 113 183
125 115 201
125 119 911
125 120 791
125 129 68
125 137 488
125 139 707
125 141 253
125 142 958
125 143 231
125 146 100
125 148 114
125 153 671
125 155 813
125 161 619
125 163 411
125 164 121
125 169 221
125 173 772
125 175 611
125 177 106
125 185 34
125 186 987
125 194 13
125 196 60
126 1 300
126 2 249
126 3 670
126 7 652
126 8 743
126 9 569
126 10 533
126 13 771
126 16 277
126 27 717
126 28 288
126 34 29
126 40 851
126 45 560
126 47 185
126 49 133
126 64 76
126 67 977
126 72 163
126 73 318
126 77 208
126 94 402
126 97 256
126 107 953
126 109 227
126 123 974
126 125 828
126 127 782
126 130 916
126 144 785
126 148 558
126 157 134
126 161 608
126 167 920
126 171 824
126 173 699
126 179 668
126 180 779
126 189 250
127 6 731
127 7 791
127 8 148
127 10 423
127 16 669
127 20 260
127 30 490
127 31 233
127 37 339
127 40 435
127 41 200
127 42 917
127 48 660
127 49 936
127 62 708
127 77 941
127 85 927
127 97 292
127 101 138
127 107 337
127 112 164
127 115 115
127 116 671
127 119 307
127 127 691
127 128 873
127 130 962
127 132 594
127 138 115
127 140 649
127 157 279
127 162 872
127 165 797
127 168 464
127 169 777
127 174 533
127 175 531
127 176 761
127 181 461
127 184 162
127 187 117
127 191 235
127 196 117
128 2 18
128 17 947
128 20 168
128 22 444
128 27 167
128 28 793
128 47 728
128 56 685
128 66 437
128 80 59
128 83 827
128 84 78
128 97 933
128 104 633
128 106 811
128 108 515
128 109 187
128 115 964
128 117 528
128 120 574
128 130 304
128 136 451
128 138 482
128 142 985
128 147 682
128 161 963
128 170 721
128 173 522
128 174 843
128 177 258
128 178 583
128 180 923
128 182 634
128 185 550
128 186 508
128 189 963
128 190 509
128 191 241
128 192 456
128 195 490
129 2 785
129 19 206
129 23 269
129 25 347
129 26 739
129 36 386
129 37 644
129 49 480
129 50 556
129 55 728
129 59 791
129 78 831
129 95 672
129 99 420
129 101 570
129 102 431
129 107 454
129 110 645
129 120 899
129 121 517
129 123 960
129 138 882
129 143 764
129 146 933
129 151 213
129 158 92
129 160 541
129 177 485
129 182 166
129 188 39
129 198 373
130 2 542
130 4 890
130 10 541
130 17 282
130 19 142
130 20 981
130 21 937
130 23 660
130 28 235
130 35 96
130 37 713
130 44 906
130 51 498
130 56 652
130 63 542
130 66 742
130 71 167
130 80 617
130 81 96
130 82 36
130 92 274
130 94 432
130 95 959
130 126 991
130 137 565
130 142 260
130 153 668
130 154 94
130 173 192
130 175 312
130 181 965
130 185 461
130 187 204
130 189 520
130 195 429
131 0 668
131 4 247
131 12 158
131 15 472
131 17 985
131 25 318
131 26 355
131 27 7
131 28 901
131 35 295
131 46 886
131 50 474
131 52 28
131 63 831
131 65 368
131 71 92
131 74 337
131 78 160
131 82 327
131 92 497
131 105 238
131 108 92
131 120 146
131 123 218
131 124 758
131 127 260
131 136 478
131 139 44
131 140 538
131 141 992
131 142 587
131 161 588
131 172 77
131 183 148
131 188 206
131 189 478
131 191 769
131 195 679
131 198 740
132 3 210
132 5 198
132 7 263
132 22 148
132 26 671
132 30 480
132 33 754
132 35 981
132 36 585
132 44 86
132 53 506
132 58 198
132 59 649
132 68 319
132 86 457
132 87 616
132 92 681
132 93 271
132 106 459
132 110 406
132 111 686
132 114 53
132 119 702
132 120 153
132 124 636
132 126 884
132 138 88
132 139 509
132 143 661
132 150 692
132 167 723
132 168 786
132 179 929
132 180 608
132 187 988
132 197 160
132 198 6
133 2 418
133 7 602
133 13 559
133 22 935
133 29 531
133 31 672
133 32 534
133 37 835
133 39 91
133 41 650
133 43 817
133 46 331
133 47 284
133 50 389
133 51 787
133 61 192
133 79 410
133 91 210
133 95 589
133 104 712
133 111 710
133 118 411
133 119 929
133 130 759
133 131 614
133 132 740
133 133 472
133 134 253
133 138 245
133 151 860
133 155 521
133 156 441
133 170 904
133 171 885
133 187 440
134 5 963
134 13 849
134 15 99
134 18 860
134 21 304
134 23 817
134 30 883
134 34 59
134 36 542
134 38 859
134 44 281
134 47 528
134 58 941
134 76 706
134 88 149
134 96 589
134 101 936
134 102 760
134 103 762
134 106 224
134 108 379
134 118 869
134 124 160
134 133 116
134 135 807
134 137 597
134 140 482
134 143 662
134 144 23
134 149 715
134 150 821
134 169 128
134 172 752
134 173 394
134 177 182
134 184 868
134 191 363
134 193 665
134 197 499
134 198 376
135 4 76
135 6 89
135 9 701
135 10 900
135 35 822
135 44 131
135 46 483
135 47 608
135 63 690
135 72 525
135 73 45
135 75 450
135 76 132
135 79 35
135 82 893
135 83 131
135 85 796
135 87 308
135 95 166
135 115 522
135 121 904
135 122 920
135 134 493
135 145 798
135 155 999
135 160 651
135 161 878
135 166 425
135 172 336
135 175 595
135 181 54
135 186 635
135 196 708
136 0 190
136 1 717
136 7 871
136 9 949
136 13 10
136 19 951
136 21 631
136 25 947
136 32 725
136 40 512
136 48 378
136 63 183
136 78 685
136 85 41
136 93 425
136 94 225
136 97 300
136 98 4
136 103 410
136 105 290
136 108 156
136 117 53
136 119 661
136 130 994
136 132 525
136 138 101
136 140 758
136 144 964
136 151 435
136 155 713
136 159 641
136 163 617
136 166 159
136 174 565
136 177 500
136 181 92
136 182 887
136 188 668
136 194 273
137 0 409
137 4 926
137 7 977
137 12 195
137 14 251
137 17 960
137 19 918
137 21 57
137 24 743
137 26 721
137 34 660
137 35 520
137 37 127
137 48 175
137 68 589
137 73 437
137 74 998
137 80 695
137 81 377
137 82 135
137 96 868
137 97 305
137 107 121
137 108 34
137 114 265
137 118 750
137 119 342
137 126 261
137 127 700
137 136 645
137 137 649
137 139 914
137 141 439
137 142 584
137 144 819
137 145 218
137 146 12
137 147 588
137 149 640
137 153 316
137 156 474
137 158 73
137 162 27
137 163 853
137 165 329
137 170 200
137 177 416
137 181 897
137 184 626
137 193 320
137 195 484
138 6 998
138 8 727
138 9 870
138 10 504
138 11 375
138 21 66
138 25 508
138 32 113
138 38 185
138 42 631
138 43 998
138 46 158
138 53 49
138 56 286
138 60 818
138 61 883
138 72 459
138 83 924
138 89 184
138 91 218
138 101 54
138 103 758
138 104 91
138 110 700
138 113 374
138 118 707
138 119 533
138 122 796
138 127 380
138 131 928
138 132 791
138 137 21
138 143 17
138 153 146
138 156 962
138 158 844
138 167 906
138 172 718
138 173 969
138 176 415
139 7 276
139 12 834
139 13 667
139 21 543
139 31 700
139 37 631
139 38 876
139 39 625
139 41 802
139 50 86
139 54 301
139 55 212
139 60 61
139 62 250
139 66 134
139 67 245
139 68 34
139 77 772
139 81 572
139 83 467
139 85 582
139 90 312
139 91 999
139 94 614
139 97 631
139 103 377
139 106 713
139 108 964
139 110 997
139 122 133
139 129 825
139 133 272
139 134 41
139 135 718
139 140 336
139 145 864
139 156 531
139 157 836
139 158 483
139 164 18
139 167 650
139 183 508
139 185 415
139 186 720
139 188 702
139 191 82
140 15 572
140 18 310
140 19 656
140 20 505
140 27 650
140 28 433
140 30 723
140 34 106
140 36 243
140 40 135
140 46 322
140 47 426
140 52 661
140 55 152
140 68 412
140 70 70
140 74 620
140 78 447
140 82 486
140 86 359
140 87 92
140 93 820
140 96 571
140 97 446
140 98 924
140 102 645
140 103 468
140 105 377
140 107 261
140 108 993
140 109 245
140 112 585
140 113 931
140 124 157
140 125 646
140 127 926
140 129 298
140 132 82
140 134 112
140 142 555
140 143 465
140 152 813
140 157 183
140 177 873
140 181 84
140 183 476
140 184 522
140 195 407
140 196 797
140 198 904
141 0 967
141 3 821
141 4 213
141 6 767
141 9 473
141 13 914
141 14 74
141 15 301
141 19 822
141 20 196
141 26 222
141 27 84
141 28 299
141 30 97
141 36 466
141 39 142
141 41 961
141 42 556
141 58 11
141 64 732
141 71 425
141 83 352
141 84 25
141 86 134
141 91 749
141 97 976
141 99 999
141 105 432
141 107 250
141 109 344
141 110 706
141 114 575
141 117 116
141 118 707
141 123 81
141 134 46
141 135 248
141 138 89
141 139 288
141 141 596
141 152 87
141 157 794
141 164 946
141 165 728
141 168 669
141 174 692
141 179 233
141 180 837
141 181 960
141 183 177
141 186 658
141 193 96
141 194 308
141 197 902
141 198 391
141 199 257
142 3 255
142 5 521
142 11 128
142 13 893
142 16 309
142 19 563
142 21 668
142 33 598
142 37 751
142 39 34
142 40 625
142 51 38
142 65 692
142 66 93
142 76 325
142 77 433
142 79 905
142 87 914
142 88 567
142 90 423
142 100 785
142 117 148
142 119 938
142 132 754
142 134 376
142 136 314
142 138 100
142 143 850
142 144 870
142 146 543
142 151 266
142 158 15
142 162 702
142 167 488
142 169 490
142 178 392
142 187 791
142 189 480
143 0 954
143 4 757
143 15 621
143 19 35
143 21 359
143 29 184
143 33 347
143 40 566
143 42 965
143 48 840
143 49 691
143 51 534
143 53 414
143 55 300
143 62 137
143 63 583
143 64 342
143 68 798
143 69 577
143 78 157
143 90 118
143 97 392
143 106 446
143 109 199
143 121 877
143 130 343
143 133 321
143 137 389
143 138 583
143 142 310
143 149 111
143 151 106
143 160 809
143 162 292
143 163 937
143 175 981
143 185 68
143 186 155
143 189 626
143 191 592
143 193 726
143 194 4
143 196 72
144 1 653
144 5 706
144 6 263
144 11 469
144 16 992
144 17 46
144 19 550
144 21 838
144 22 819
144 24 446
144 25 91
144 28 125
144 31 764
144 37 3
144 38 319
144 43 878
144 54 266
144 58 270
144 70 717
144 71 867
144 74 979
144 82 914
144 89 343
144 91 523
144 96 157
144 97 574
144 98 407
144 99 785
144 103 342
144 108 794
144 110 253
144 113 754
144 120 204
144 124 691
144 125 838
144 131 813
144 153 752
144 155 855
144 162 346
144 164 361
144 165 716
144 167 622
144 168 248
144 178 379
144 182 756
144 183 169
144 187 188
144 190 170
144 195 678
144 197 615
145 14 256
145 16 887
145 17 613
145 30 255
145 31 276
145 42 803
145 60 565
145 69 698
145 70 67
145 79 891
145 81 72
145 90 44
145 98 458
145 115 656
145 121 986
145 123 737
145 125 920
145 126 125
145 131 873
145 135 530
145 143 661
145 163 482
145 166 592
145 170 804
145 173 333
145 175 486
145 180 816
145 181 736
145 185 617
145 191 658
146 3 921
146 10 41
146 20 799
146 27 239
146 32 945
146 33 768
146 34 282
146 35 42
146 43 657
146 53 842
146 60 938
146 78 425
146 84 270
146 87 593
146 89 540
146 91 550
146 97 693
146 103 773
146 115 364
146 123 614
146 124 66
146 131 363
146 132 833
146 138 504
146 143 849
146 144 545
146 152 374
146 158 238
146 173 603
146 174 641
146 179 614
146 184 400
146 187 763
146 188 111
146 198 672
147 1 256
147 3 90
147 8 272
147 12 358
147 17 482
147 18 173
147 20 641
147 21 915
147 23 236
147 24 824
147 27 954
147 31 460
147 50 643
147 56 7
147 59 150
147 62 768
147 79 266
147 82 627
147 85 632
147 95 109
147 97 373
147 100 576
147 122 567
147 123 835
147 124 242
147 129 154
147 134 970
147 136 606
147 139 124
147 150 38
147 157 626
147 162 615
147 165 158
147 172 87
147 173 397
147 175 990
147 187 693
147 191 433
147 193 738
148 3 704
148 4 246
148 5 997
148 14 914
148 17 38
148 23 370
148 33 425
148 36 888
148 38 934
148 41 670
148 43 33
148 44 969
148 46 291
148 50 769
148 52 966
148 59 690
148 63 540
148 81 472
148 86 28
148 92 94
148 94 21
148 95 327
148 98 420
148 100 572
148 110 818
148 117 81
148 119 527
148 128 530
148 132 857
148 135 462
148 138 160
148 143 322
148 150 6
148 165 101
148 167 657
148 170 897
148 173 478
148 179 937
148 184 166
148 190 985
148 193 477
149 2 800
149 11 147
149 12 283
149 27 196
149 31 0
149 33 788
149 61 955
149 65 698
149 67 536
149 68 822
149 73 71
149 81 186
149 85 959
149 90 840
149 99 474
149 104 645
149 112 65
149 130 898
149 134 189
149 136 572
149 137 502
149 140 777
149 141 71
149 145 365
149 148 124
149 149 592
149 151 202
149 159 143
149 165 325
149 169 596
149 172 304
149 179 551
149 189 854
149 195 577
150 2 67
150 7 352
150 14 46
150 19 607
150 20 325
150 29 151
150 31 422
150 32 711
150 37 364
150 43 268
150 47 657
150 53 175
150 62 507
150 65 50
150 87 164
150 88 168
150 108 65
150 113 255
150 115 510
150 118 931
150 120 809
150 121 237
150 133 215
150 135 515
150 138 362
150 153 3
150 154 324
150 159 680
150 166 861
150 193 404
150 198 632
151 4 487
151 8 124
151 10 260
151 16 922
151 19 209
151 20 651
151 24 749
151 47 185
151 50 836
151 52 448
151 59 262
151 60 527
151 61 33
151 67 834
151 68 726
151 69 493
151 76 279
151 79 460
151 81 902
151 87 89
151 90 345
151 91 872
151 92 95
151 94 698
151 101 939
151 103 654
151 112 110
151 122 192
151 130 480
151 133 970
151 134 741
151 144 98
151 154 710
151 161 96
151 164 197
151 173 422
151 180 915
151 186 241
151 188 606
151 193 920
152 2 885
152 8 11
152 10 355
152 12 977
152 14 857
152 20 456
152 23 16
152 27 535
152 34 893
152 37 76
152 41 0
152 48 991
152 50 614
152 52 836
152 57 546
152 59 598
152 68 749
152 88 189
152 94 524
152 118 719
152 120 415
152 122 692
152 129 534
152 135 734
152 137 771
152 140 315
152 142 138
152 144 311
152 152 627
152 159 257
152 165 892
152 168 387
152 171 63
152 178 201
152 179 364
152 186 573
152 187 706
152 189 626
152 193 109
153 16 273
153 25 253
153 30 626
153 31 446
153 39 690
153 41 816
153 42 861
153 53 207
153 55 86
153 58 516
153 69 771
153 87 995
153 93 289
153 95 791
153 97 8
153 98 1
153 106 420
153 112 445
153 118 114
153 122 794
153 123 979
153 124 302
153 125 313
153 134 66
153 135 706
153 141 472
153 143 582
153 144 286
153 145 520
153 146 904
153 147 27
153 148 228
153 149 116
153 150 746
153 151 356
153 155 1
153 159 597
153 160 745
153 172 305
153 174 944
153 191 812
153 192 20
153 193 412
153 194 722
153 197 735
153 198 510
154 7 469
154 11 479
154 14 33
154 15 29
154 17 508
154 18 213
154 21 512
154 22 664
154 30 574
154 33 86
154 35 548
154 36 408
154 49 721
154 51 752
154 64 753
154 75 384
154 76 661
154 79 372
154 80 363
154 81 348
154 82 676
154 84 212
154 92 860
154 95 654
154 101 299
154 105 845
154 109 302
154 124 663
154 131 252
154 132 421
154 138 57
154 143 282
154 148 207
154 153 467
154 157 612
154 168 597
154 169 208
154 182 465
154 187 542
154 191 609
154 196 319
155 1 410
155 7 981
155 22 240
155 24 571
155 27 327
155 28 466
155 32 739
155 33 266
155 36 687
155 37 908
155 41 648
155 43 116
155 48 217
155 60 511
155 64 207
155 71 655
155 72 818
155 75 961
155 76 439
155 82 105
155 91 264
155 92 72
155 93 855
155 96 38
155 100 505
155 108 642
155 110 411
155 111 492
155 116 863
155 119 213
155 136 283
155 141 354
155 143 141
155 144 827
155 145 445
155 146 759
155 150 663
155 154 962
155 161 931
155 171 442
155 172 817
155 184 279
155 187 553
155 193 500
155 195 428
155 196 47
156 6 638
156 8 527
156 9 217
156 19 67
156 20 644
156 29 259
156 34 227
156 36 417
156 42 312
156 52 293
156 55 923
156 62 71
156 67 246
156 69 871
156 77 200
156 80 213
156 82 743
156 86 528
156 87 705
156 91 205
156 93 533
156 95 847
156 99 914
156 100 493
156 105 256
156 110 245
156 117 439
156 121 250
156 124 998
156 131 24
156 134 820
156 136 573
156 137 602
156 138 284
156 148 27
156 150 161
156 157 143
156 159 186
156 163 290
156 164 252
156 170 183
156 171 347
156 174 900
156 177 645
157 16 799
157 19 513
157 22 961
157 24 672
157 28 935
157 35 691
157 43 816
157 44 693
157 46 482
157 50 551
157 51 187
157 54 625
157 56 513
157 59 806
157 62 41
157 65 553
157 68 451
157 71 417
157 73 564
157 76 905
157 82 596
157 86 914
157 87 368
157 88 509
157 93 965
157 96 507
157 107 603
157 112 596
157 115 296
157 116 676
157 121 680
157 123 819
157 124 475
157 125 116
157 147 61
157 153 204
157 157 718
157 160 235
157 165 643
157 166 497
157 170 961
157 173 479
157 175 174
157 177 653
157 179 744
157 181 827
157 182 157
157 184 265
157 190 418
157 193 286
157 199 727
158 3 362
158 10 41
158 11 306
158 15 405
158 19 985
158 29 761
158 35 878
158 54 212
158 61 613
158 66 388
158 67 108
158 73 980
158 74 22
158 77 276
158 82 952
158 91 387
158 93 388
158 95 880
158 104 285
158 110 915
158 111 786
158 115 157
158 127 158
158 128 258
158 134 686
158 147 801
158 154 924
158 157 897
158 160 806
158 162 24
158 171 726
158 172 997
158 176 930
158 178 62
158 181 96
158 189 537
158 190 367
158 193 796
159 22 585
159 35 385
159 38 426
159 41 424
159 42 433
159 47 959
159 50 506
159 52 781
159 56 891
159 57 68
159 61 54
159 63 46
159 67 592
159 69 446
159 83 837
159 85 713
159 86 27
159 94 892
159 95 572
159 102 46
159 108 872
159 111 491
159 123 888
159 128 970
159 141 771
159 147 704
159 150 857
159 151 666
159 153 904
159 154 639
159 156 273
159 160 926
159 161 121
159 165 111
159 168 932
159 169 622
159 175 354
159 180 92
159 183 796
159 190 156
159 191 445
159 197 120
160 0 78
160 4 650
160 14 701
160 17 454
160 19 247
160 35 529
160 38 75
160 42 673
160 49 735
160 50 335
160 51 424
160 71 318
160 73 240
160 77 16
160 86 660
160 110 286
160 118 999
160 119 226
160 125 818
160 127 188
160 134 60
160 137 444
160 149 575
160 155 24
160 158 287
160 171 998
160 175 584
160 177 890
160 179 717
160 185 744
160 194 185
161 2 755
161 10 327
161 24 994
161 25 485
161 26 727
161 30 577
161 36 668
161 40 127
161 51 463
161 52 909
161 55 175
161 56 628
161 61 635
161 62 742
161 66 885
161 71 247
161 78 189
161 86 186
161 87 978
161 93 6
161 99 107
161 106 616
161 113 242
161 119 108
161 121 206
161 124 462
161 127 192
161 139 2
161 140 274
161 146 98
161 147 697
161 150 639
161 158 608
161 163 846
161 168 221
161 170 121
161 180 648
161 185 895
161 189 289
162 0 200
162 2 64
162 3 744
162 23 472
162 32 398
162 36 997
162 38 588
162 40 515
162 44 829
162 45 38
162 47 3
162 55 676
162 57 86
162 58 515
162 63 858
162 64 862
162 74 850
162 82 241
162 89 977
162 106 445
162 110 928
162 113 721
162 116 923
162 117 35
162 120 98
162 123 128
162 124 842
162 131 4
162 132 730
162 154 131
162 157 37
162 161 773
162 162 881
162 165 145
162 170 657
162 172 557
162 174 640
162 183 720
162 184 479
162 190 447
163 1 855
163 7 675
163 8 624
163 16 854
163 24 561
163 36 195
163 38 753
163 48 138
163 59 0
163 69 196
163 79 512
163 81 221
163 82 685
163 86 502
163 89 326
163 91 17
163 111 40
163 112 565
163 115 120
163 119 312
163 122 919
163 125 562
163 141 103
163 144 327
163 148 19
163 149 577
163 153 59
163 154 617
163 156 639
163 157 578
163 158 116
163 160 634
163 169 23
163 172 641
163 179 458
163 182 649
163 189 572
163 194 313
163 195 545
163 199 664
164 12 123
164 18 479
164 19 522
164 26 381
164 27 89
164 34 60
164 44 56
164 48 76
164 53 233
164 57 326
164 59 83
164 64 108
164 66 625
164 71 216
164 75 131
164 78 372
164 79 455
164 81 182
164 89 846
164 92 310
164 93 474
164 100 48
164 108 745
164 118 906
164 121 17
164 123 69
164 131 36
164 145 35
164 146 733
164 148 457
164 153 351
164 159 451
164 167 975
164 172 25
164 173 90
164 177 593
164 188 492
164 192 860
164 197 815
164 198 765
165 4 557
165 9 82
165 10 928
165 15 425
165 21 470
165 23 789
165 24 978
165 25 404
165 29 606
165 33 435
165 35 965
165 36 232
165 40 776
165 47 301
165 48 111
165 49 300
165 53 416
165 55 343
165 61 963
165 70 930
165 71 436
165 76 934
165 78 979
165 81 157
165 83 876
165 84 771
165 85 424
165 87 150
165 88 557
165 91 802
165 94 295
165 96 794
165 98 934
165 99 600
165 100 739
165 101 843
165 106 672
165 111 785
165 114 862
165 115 449
165 122 809
165 125 106
165 137 874
165 142 119
165 155 210
165 158 173
165 162 746
165 177 717
165 182 149
166 9 880
166 11 32
166 12 130
166 23 920
166 26 29
166 32 220
166 35 465
166 38 806
166 41 417
166 44 355
166 56 183
166 57 710
166 62 438
166 66 551
166 67 509
166 68 616
166 76 53
166 82 560
166 93 978
166 101 558
166 103 446
166 110 557
166 114 22
166 115 958
166 118 297
166 122 48
166 123 695
166 133 206
166 139 364
166 142 750
166 143 984
166 146 427
166 148 66
166 149 988
166 155 750
166 160 384
166 163 504
166 164 5
166 165 290
166 170 45
166 174 688
166 185 138
166 191 438
166 194 544
167 3 561
167 10 992
167 13 804
167 15 984
167 19 488
167 25 102
167 27 528
167 29 556
167 33 917
167 37 576
167 41 240
167 42 343
167 44 188
167 45 681
167 47 445
167 48 909
167 58 505
167 63 162
167 64 25
167 66 560
167 68 774
167 70 495
167 79 326
167 82 671
167 85 520
167 98 443
167 104 236
167 113 101
167 123 993
167 133 615
167 136 323
167 140 584
167 142 733
167 143 157
167 149 646
167 158 102
167 170 340
167 172 539
167 186 655
167 188 958
167 191 912
167 193 749
167 195 813
167 197 922
168 4 302
168 5 285
168 9 80
168 15 454
168 18 125
168 30 73
168 34 358
168 35 421
168 40 754
168 43 223
168 59 393
168 61 692
168 68 558
168 70 758
168 73 4
168 74 473
168 76 837
168 77 545
168 80 384
168 84 278
168 95 33
168 98 937
168 109 766
168 112 32
168 114 646
168 128 876
168 131 983
168 144 49
168 146 65
168 150 906
168 151 175
168 154 901
168 158 549
168 160 90
168 165 624
168 168 137
168 177 680
168 190 77
168 195 850
168 196 783
168 199 106
169 3 713
169 11 599
169 17 537
169 25 383
169 26 36
169 33 127
169 41 683
169 49 89
169 57 790
169 59 441
169 63 674
169 66 115
169 74 52
169 82 748
169 84 833
169 86 798
169 87 173
169 89 449
169 95 944
169 98 224
169 107 135
169 122 208
169 133 23
169 139 646
169 144 193
169 149 838
169 151 420
169 157 644
169 159 52
169 165 780
169 167 613
169 178 615
169 179 573
169 183 264
169 186 708
169 187 864
169 189 47
169 192 201
170 6 403
170 12 894
170 14 756
170 19 979
170 20 117
170 22 169
170 27 344
170 31 425
170 33 472
170 35 452
170 37 128
170 38 981
170 50 924
170 51 848
170 54 942
170 56 27
170 60 177
170 63 837
170 75 558
170 78 329
170 88 39
170 96 202
170 108 486
170 110 541
170 114 537
170 119 11
170 127 782
170 131 603
170 135 932
170 136 885
170 144 321
170 150 731
170 156 74
170 158 625
170 162 9
170 165 337
170 170 779
170 181 926
170 182 379
170 192 744
170 193 218
171 6 574
171 7 323
171 14 438
171 34 601
171 43 159
171 44 683
171 48 521
171 53 29
171 57 692
171 63 409
171 70 550
171 75 943
171 83 706
171 100 100
171 103 278
171 111 317
171 118 782
171 123 846
171 124 787
171 125 865
171 132 96
171 133 390
171 134 206
171 143 965
171 160 554
171 163 143
171 167 17
171 170 411
171 174 225
171 179 899
171 180 133
171 195 238
172 0 606
172 3 637
172 6 507
172 15 910
172 21 871
172 22 89
172 24 402
172 26 883
172 32 752
172 35 308
172 36 834
172 40 166
172 42 38
172 50 154
172 57 980
172 59 351
172 72 936
172 73 36
172 82 806
172 90 610
172 92 436
172 93 864
172 97 706
172 99 752
172 106 695
172 107 342
172 123 857
172 131 623
172 132 390
172 136 216
172 138 642
172 139 979
172 147 351
172 148 247
172 159 881
172 164 765
172 167 847
172 169 23
172 174 75
172 180 242
172 186 456
172 187 722
172 188 953
172 189 972
172 192 18
172 195 987
173 3 864
173 5 259
173 10 885
173 14 640
173 21 45
173 22 895
173 28 165
173 30 12
173 31 850
173 36 542
173 40 781
173 42 319
173 47 691
173 49 533
173 55 554
173 61 682
173 65 315
173 67 373
173 70 419
173 80 991
173 85 508
173 92 4
173 98 473
173 100 369
173 106 757
173 108 953
173 113 802
173 118 190
173 122 497
173 126 603
173 130 935
173 140 116
173 155 859
173 172 308
173 174 988
173 175 640
173 178 745
173 188 652
173 191 284
173 193 11
174 2 346
174 3 628
174 17 640
174 19 145
174 23 53
174 24 733
174 26 73
174 32 450
174 34 118
174 40 623
174 41 996
174 47 422
174 53 534
174 58 433
174 64 554
174 71 126
174 72 431
174 74 874
174 77 799
174 79 796
174 81 173
174 87 548
174 90 22
174 91 643
174 92 444
174 95 418
174 97 477
174 104 442
174 117 840
174 118 297
174 121 461
174 125 351
174 128 552
174 134 968
174 139 324
174 141 152
174 142 777
174 148 655
174 157 693
174 158 891
174 161 925
174 163 244
174 180 819
174 183 743
174 194 755
174 198 735
174 199 19
175 13 211
175 18 995
175 21 75
175 22 286
175 26 304
175 36 308
175 44 488
175 48 703
175 55 958
175 56 407
175 62 224
175 69 972
175 70 391
175 73 616
175 74 676
175 78 626
175 79 145
175 81 128
175 83 373
175 96 195
175 105 810
175 106 655
175 107 43
175 109 533
175 110 375
175 111 114
175 119 682
175 129 559
175 133 338
175 138 156
175 144 697
175 147 186
175 151 511
175 154 515
175 157 211
175 164 602
175 167 427
175 178 156
175 182 691
175 192 292
175 198 365
176 2 387
176 4 912
176 11 281
176 21 56
176 30 379
176 31 959
176 40 758
176 44 101
176 48 77
176 55 616
176 60 884
176 64 740
176 66 724
176 72 275
176 74 624
176 78 171
176 79 823
176 80 150
176 82 518
176 83 165
176 86 463
176 87 516
176 90 798
176 91 579
176 95 272
176 97 515
176 98 623
176 102 562
176 104 821
176 120 500
176 122 357
176 123 205
176 125 611
176 131 483
176 134 166
176 140 983
176 142 217
176 143 125
176 155 744
176 158 509
176 162 804
176 166 813
176 167 774
176 174 862
176 177 233
176 182 275
176 183 308
176 185 129
177 3 500
177 5 563
177 7 659
177 12 345
177 28 3
177 57 908
177 58 533
177 60 493
177 70 463
177 71 235
177 72 958
177 73 126
177 75 941
177 77 742
177 85 260
177 88 506
177 91 13
177 94 695
177 100 698
177 102 563
177 104 164
177 106 467
177 107 785
177 108 272
177 110 332
177 113 623
177 125 253
177 129 657
177 131 954
177 139 209
177 145 794
177 159 340
177 161 232
177 163 333
177 165 484
177 167 2
177 169 140
177 178 229
177 180 495
177 183 125
177 197 953
178 0 391
178 4 725
178 14 248
178 15 388
178 20 853
178 35 662
178 36 709
178 41 207
178 60 290
178 63 799
178 70 311
178 88 643
178 92 404
178 102 788
178 104 213
178 125 170
178 127 495
178 132 245
178 138 367
178 140 684
178 144 415
178 152 25
178 154 650
178 176 572
178 180 717
178 184 265
178 187 702
178 192 945
178 193 696
178 195 853
178 197 938
178 198 195
178 199 396
179 4 956
179 7 79
179 17 605
179 22 739
179 33 988
179 35 534
179 36 348
179 48 202
179 49 472
179 63 27
179 67 278
179 70 213
179 72 826
179 73 488
179 75 528
179 79 208
179 80 402
179 81 157
179 82 964
179 84 374
179 88 626
179 93 297
179 101 388
179 106 652
179 118 566
179 119 97
179 121 699
179 123 60
179 125 190
179 132 14
179 133 100
179 139 994
179 140 455
179 142 550
179 143 758
179 145 489
179 159 641
179 165 405
179 169 361
179 170 310
179 175 485
179 185 728
179 187 335
179 188 384
179 190 194
179 196 156
179 199 599
180 3 65
180 5 207
180 10 69
180 14 296
180 17 884
180 18 542
180 21 983
180 27 295
180 31 186
180 33 562
180 42 464
180 43 418
180 52 216
180 53 698
180 59 403
180 60 713
180 63 40
180 65 599
180 66 232
180 77 737
180 82 738
180 92 978
180 93 822
180 101 721
180 103 752
180 105 924
180 109 416
180 110 990
180 114 920
180 115 339
180 121 691
180 126 290
180 131 264
180 135 533
180 139 773
180 141 694
180 142 623
180 145 248
180 149 188
180 152 17
180 154 768
180 157 352
180 169 704
180 171 912
180 173 930
180 184 492
180 193 906
181 0 543
181 1 64
181 16 723
181 23 312
181 24 589
181 25 789
181 28 223
181 29 426
181 36 624
181 38 900
181 44 74
181 45 45
181 48 354
181 63 254
181 66 993
181 68 852
181 70 242
181 71 547
181 73 833
181 78 799
181 95 864
181 98 520
181 99 194
181 105 382
181 106 598
181 111 307
181 121 880
181 126 275
181 129 204
181 131 378
181 132 65
181 134 667
181 140 749
181 144 86
181 145 269
181 146 998
181 148 944
181 150 126
181 159 100
181 166 414
181 173 531
181 178 789
181 181 505
181 188 312
181 189 392
181 198 145
182 2 851
182 10 348
182 13 383
182 14 951
182 15 83
182 17 821
182 18 239
182 22 396
182 23 594
182 24 219
182 36 502
182 40 660
182 41 254
182 47 626
182 53 187
182 54 613
182 64 464
182 65 423
182 72 11
182 82 800
182 87 941
182 90 953
182 111 717
182 119 13
182 124 674
182 127 916
182 128 860
182 129 667
182 140 112
182 144 393
182 147 714
182 152 248
182 157 777
182 159 49
182 160 459
182 163 787
182 165 235
182 175 324
182 182 319
182 184 125
182 190 933
182 191 521
182 195 147
183 6 81
183 17 529
183 19 262
183 42 407
183 44 545
183 46 960
183 48 580
183 49 187
183 52 116
183 74 675
183 76 524
183 84 937
183 90 690
183 93 467
183 95 611
183 98 675
183 103 450
183 112 482
183 119 304
183 124 317
183 127 919
183 128 334
183 131 198
183 138 647
183 146 488
183 149 569
183 150 539
183 155 121
183 157 244
183 162 836
183 168 798
183 171 464
183 172 439
183 174 913
183 182 585
183 198 692
184 4 652
184 21 131
184 22 93
184 29 598
184 37 296
184 38 799
184 39 245
184 40 68
184 41 448
184 47 859
184 53 778
184 54 50
184 60 483
184 70 543
184 73 541
184 74 553
184 75 323
184 97 969
184 103 842
184 104 844
184 109 571
184 110 644
184 112 356
184 118 888
184 139 747
184 141 503
184 144 531
184 148 486
184 151 45
184 156 967
184 170 592
184 172 248
184 181 922
184 186 400
184 187 939
184 188 458
185 11 893
185 27 539
185 30 551
185 31 508
185 35 537
185 38 287
185 41 649
185 42 718
185 43 882
185 52 736
185 53 63
185 67 320
185 69 844
185 72 456
185 75 353
185 78 830
185 82 34
185 88 542
185 92 547
185 94 581
185 96 85
185 99 436
185 116 866
185 118 343
185 148 365
185 150 641
185 153 898
185 157 740
185 158 504
185 165 992
185 168 233
185 169 933
185 176 779
185 177 750
185 181 177
185 182 689
185 186 727
185 188 247
186 2 435
186 9 745
186 15 347
186 20 257
186 21 869
186 28 453
186 31 414
186 34 425
186 38 286
186 40 991
186 41 170
186 42 421
186 44 988
186 46 53
186 49 699
186 52 934
186 55 574
186 56 929
186 58 427
186 59 376
186 63 935
186 65 574
186 70 40
186 72 791
186 80 213
186 82 101
186 84 331
186 102 220
186 103 127
186 106 808
186 116 308
186 122 658
186 126 548
186 138 2
186 140 184
186 147 802
186 150 596
186 153 610
186 165 278
186 167 417
186 168 256
186 177 202
186 181 999
186 184 90
186 187 976
186 191 518
186 192 502
186 193 72
187 17 76
187 19 111
187 22 24
187 23 961
187 24 584
187 29 217
187 33 930
187 38 672
187 48 236
187 51 947
187 58 578
187 59 304
187 60 823
187 61 967
187 83 164
187 84 753
187 85 448
187 91 106
187 107 348
187 124 790
187 129 455
187 130 777
187 133 437
187 135 112
187 145 51
187 149 754
187 151 919
187 153 510
187 159 247
187 178 716
187 183 936
187 187 765
187 188 882
187 189 781
187 193 293
188 8 391
188 10 607
188 26 751
188 28 393
188 31 468
188 34 278
188 37 247
188 40 939
188 42 473
188 57 763
188 61 206
188 66 895
188 72 445
188 76 538
188 79 643
188 81 738
188 88 522
188 102 999
188 114 5
188 116 493
188 117 811
188 119 845
188 121 262
188 122 709
188 123 16
188 138 799
188 141 57
188 150 79
188 151 717
188 163 676
188 169 592
188 176 179
188 185 173
188 187 865
188 189 954
188 192 318
188 197 444
189 0 861
189 28 378
189 40 681
189 44 837
189 45 82
189 47 104
189 48 715
189 50 203
189 51 799
189 65 916
189 68 223
189 70 967
189 75 898
189 85 764
189 87 855
189 89 457
189 94 61
189 96 243
189 101 825
189 111 78
189 113 295
189 120 422
189 130 348
189 134 339
189 137 89
189 139 248
189 140 317
189 142 266
189 143 781
189 153 736
189 155 381
189 157 914
189 169 486
189 172 200
189 173 100
189 174 64
189 182 296
189 183 841
189 185 988
189 187 610
189 192 232
190 10 839
190 11 574
190 13 282
190 29 996
190 38 993
190 44 101
190 45 574
190 46 691
190 49 400
190 56 4
190 58 162
190 74 461
190 75 345
190 79 376
190 92 18
190 105 58
190 106 352
190 110 233
190 126 239
190 129 563
190 130 91
190 139 882
190 147 991
190 148 403
190 151 812
190 155 284
190 158 194
190 161 427
190 170 684
190 177 124
190 180 734
190 189 839
190 190 806
190 194 793
190 195 218
190 198 19
191 2 111
191 17 383
191 21 245
191 24 18
191 27 80
191 29 67
191 30 343
191 31 811
191 34 515
191 35 849
191 39 438
191 40 596
191 46 48
191 56 423
191 73 760
191 80 352
191 85 54
191 87 189
191 88 140
191 91 451
191 93 462
191 96 843
191 98 415
191 107 408
191 112 319
191 115 993
191 117 869
191 128 92
191 136 344
191 141 158
191 150 434
191 166 503
191 167 683
191 168 397
191 172 358
191 175 717
191 178 937
191 182 472
191 183 930
191 187 821
191 188 627
191 192 509
191 193 634
191 198 116
192 13 950
192 25 78
192 26 58
192 29 223
192 31 985
192 34 319
192 40 896
192 41 903
192 46 533
192 47 687
192 49 918
192 52 464
192 57 8
192 61 712
192 63 11
192 65 566
192 67 139
192 77 741
192 90 850
192 94 912
192 110 388
192 116 775
192 125 934
192 127 993
192 132 824
192 133 728
192 145 700
192 153 890
192 159 977
192 168 33
192 170 860
192 174 3
192 182 170
192 188 869
192 194 615
192 196 555
193 1 93
193 4 672
193 7 756
193 35 734
193 41 932
193 42 375
193 49 698
193 56 739
193 59 979
193 61 698
193 65 731
193 73 218
193 74 454
193 75 119
193 84 794
193 87 639
193 94 308
193 95 880
193 99 411
193 100 620
193 102 315
193 104 386
193 109 730
193 129 537
193 135 375
193 145 677
193 146 400
193 148 502
193 152 634
193 156 266
193 157 952
193 161 646
193 165 970
193 167 898
193 168 328
193 176 614
193 184 74
193 192 728
193 194 910
193 198 618
194 4 651
194 5 473
194 6 136
194 7 978
194 8 601
194 12 999
194 13 954
194 14 553
194 21 477
194 36 528
194 40 895
194 41 795
194 48 225
194 51 770
194 52 322
194 54 116
194 71 728
194 81 626
194 94 243
194 95 486
194 96 243
194 105 508
194 113 548
194 123 87
194 129 558
194 133 968
194 134 391
194 135 487
194 141 847
194 143 942
194 144 312
194 145 777
194 151 134
194 156 36
194 161 39
194 162 275
194 167 970
194 169 783
194 177 514
194 180 771
194 188 238
194 197 201
195 4 527
195 5 635
195 15 384
195 17 206
195 21 466
195 24 677
195 32 647
195 38 2
195 42 536
195 56 354
195 58 590
195 60 556
195 67 505
195 73 712
195 77 976
195 78 805
195 82 632
195 95 522
195 98 810
195 103 608
195 105 108
195 107 115
195 112 910
195 115 737
195 117 674
195 128 33
195 132 197
195 138 935
195 149 940
195 161 657
195 162 407
195 165 967
195 169 287
195 173 373
195 177 897
195 178 581
195 182 239
195 191 220
195 193 819
195 197 923
195 199 730
196 6 767
196 8 736
196 9 962
196 18 274
196 22 943
196 27 123
196 28 471
196 32 803
196 33 667
196 37 365
196 54 515
196 73 809
196 79 203
196 81 851
196 86 96
196 95 20
196 97 816
196 99 634
196 100 243
196 104 350
196 110 287
196 117 491
196 118 144
196 120 95
196 121 883
196 128 677
196 136 991
196 142 947
196 149 641
196 158 720
196 160 618
196 164 551
196 169 282
196 176 915
196 179 870
196 181 474
196 185 627
196 189 122
196 191 269
196 196 429
197 2 546
197 3 312
197 4 887
197 8 936
197 9 769
197 11 912
197 15 127
197 24 604
197 28 370
197 31 458
197 35 223
197 38 282
197 39 315
197 41 135
197 43 115
197 44 942
197 45 403
197 52 148
197 54 615
197 61 300
197 73 36
197 102 137
197 104 524
197 105 1
197 108 899
197 109 197
197 119 975
197 121 91
197 126 731
197 129 8
197 130 107
197 133 271
197 134 191
197 137 928
197 139 687
197 144 511
197 147 348
197 148 224
197 151 673
197 153 170
197 160 363
197 162 583
197 175 268
197 178 799
197 182 360
198 20 934
198 25 834
198 30 368
198 48 331
198 53 766
198 59 318
198 61 119
198 65 393
198 68 517
198 79 644
198 85 872
198 89 326
198 100 671
198 105 399
198 108 409
198 109 518
198 110 773
198 112 464
198 127 314
198 131 509
198 136 345
198 137 994
198 140 782
198 142 120
198 143 898
198 166 331
198 170 585
198 172 160
198 182 879
198 185 162
198 188 571
198 192 433
198 196 583
