100 100
0 0
0 1
0 2
0 3
0 4
0 5
0 6
0 7
0 8
0 9
1 0
1 1
1 2
1 3
1 4
1 5
1 6
1 7
1 8
1 9
2 0
2 1
2 2
2 3
2 4
2 5
2 6
2 7
2 8
2 9
3 0
3 1
3 2
3 3
3 4
3 5
3 6
3 7
3 8
3 9
4 0
4 1
4 2
4 3
4 4
4 5
4 6
4 7
4 8
4 9
5 0
5 1
5 2
5 3
5 4
5 5
5 6
5 7
5 8
5 9
6 0
6 1
6 2
6 3
6 4
6 5
6 6
6 7
6 8
6 9
7 0
7 1
7 2
7 3
7 4
7 5
7 6
7 7
7 8
7 9
8 0
8 1
8 2
8 3
8 4
8 5
8 6
8 7
8 8
8 9
9 0
9 1
9 2
9 3
9 4
9 5
9 6
9 7
9 8
9 9
0 1
0 10
1 2
1 11
1 0
2 3
2 12
2 1
3 4
3 13
3 2
4 5
4 14
4 3
5 6
5 15
5 4
6 7
6 16
6 5
7 8
7 17
7 6
8 9
8 18
8 7
9 19
9 8
10 11
10 20
10 0
11 12
11 21
11 1
11 10
12 13
12 22
12 2
12 11
13 14
13 23
13 3
13 12
14 15
14 24
14 4
14 13
15 16
15 25
15 5
15 14
16 17
16 26
16 6
16 15
17 18
17 27
17 7
17 16
18 19
18 28
18 8
18 17
19 29
19 9
19 18
20 21
20 30
20 10
21 22
21 31
21 11
21 20
22 23
22 32
22 12
22 21
23 24
23 33
23 13
23 22
24 25
24 34
24 14
24 23
25 26
25 35
25 15
25 24
26 27
26 36
26 16
26 25
27 28
27 37
27 17
27 26
28 29
28 38
28 18
