400 856
0 0
0 1
0 2
0 3
0 4
0 5
0 6
0 7
0 8
0 9
0 10
0 11
0 12
0 13
0 14
0 15
0 16
0 17
0 18
0 19
1 0
1 1
1 2
1 3
1 4
1 5
1 6
1 7
1 8
1 9
1 10
1 11
1 12
1 13
1 14
1 15
1 16
1 17
1 18
1 19
2 0
2 1
2 2
2 3
2 4
2 5
2 6
2 7
2 8
2 9
2 10
2 11
2 12
2 13
2 14
2 15
2 16
2 17
2 18
2 19
3 0
3 1
3 2
3 3
3 4
3 5
3 6
3 7
3 8
3 9
3 10
3 11
3 12
3 13
3 14
3 15
3 16
3 17
3 18
3 19
4 0
4 1
4 2
4 3
4 4
4 5
4 6
4 7
4 8
4 9
4 10
4 11
4 12
4 13
4 14
4 15
4 16
4 17
4 18
4 19
5 0
5 1
5 2
5 3
5 4
5 5
5 6
5 7
5 8
5 9
5 10
5 11
5 12
5 13
5 14
5 15
5 16
5 17
5 18
5 19
6 0
6 1
6 2
6 3
6 4
6 5
6 6
6 7
6 8
6 9
6 10
6 11
6 12
6 13
6 14
6 15
6 16
6 17
6 18
6 19
7 0
7 1
7 2
7 3
7 4
7 5
7 6
7 7
7 8
7 9
7 10
7 11
7 12
7 13
7 14
7 15
7 16
7 17
7 18
7 19
8 0
8 1
8 2
8 3
8 4
8 5
8 6
8 7
8 8
8 9
8 10
8 11
8 12
8 13
8 14
8 15
8 16
8 17
8 18
8 19
9 0
9 1
9 2
9 3
9 4
9 5
9 6
9 7
9 8
9 9
9 10
9 11
9 12
9 13
9 14
9 15
9 16
9 17
9 18
9 19
10 0
10 1
10 2
10 3
10 4
10 5
10 6
10 7
10 8
10 9
10 10
10 11
10 12
10 13
10 14
10 15
10 16
10 17
10 18
10 19
11 0
11 1
11 2
11 3
11 4
11 5
11 6
11 7
11 8
11 9
11 10
11 11
11 12
11 13
11 14
11 15
11 16
11 17
11 18
11 19
12 0
12 1
12 2
12 3
12 4
12 5
12 6
12 7
12 8
12 9
12 10
12 11
12 12
12 13
12 14
12 15
12 16
12 17
12 18
12 19
13 0
13 1
13 2
13 3
13 4
13 5
13 6
13 7
13 8
13 9
13 10
13 11
13 12
13 13
13 14
13 15
13 16
13 17
13 18
13 19
14 0
14 1
14 2
14 3
14 4
14 5
14 6
14 7
14 8
14 9
14 10
14 11
14 12
14 13
14 14
14 15
14 16
14 17
14 18
14 19
15 0
15 1
15 2
15 3
15 4
15 5
15 6
15 7
15 8
15 9
15 10
15 11
15 12
15 13
15 14
15 15
15 16
15 17
15 18
15 19
16 0
16 1
16 2
16 3
16 4
16 5
16 6
16 7
16 8
16 9
16 10
16 11
16 12
16 13
16 14
16 15
16 16
16 17
16 18
16 19
17 0
17 1
17 2
17 3
17 4
17 5
17 6
17 7
17 8
17 9
17 10
17 11
17 12
17 13
17 14
17 15
17 16
17 17
17 18
17 19
18 0
18 1
18 2
18 3
18 4
18 5
18 6
18 7
18 8
18 9
18 10
18 11
18 12
18 13
18 14
18 15
18 16
18 17
18 18
18 19
19 0
19 1
19 2
19 3
19 4
19 5
19 6
19 7
19 8
19 9
19 10
19 11
19 12
19 13
19 14
19 15
19 16
19 17
19 18
19 19
0 1
0 20
1 2
1 21
1 0
2 3
2 22
2 1
3 4
3 23
3 2
4 5
4 24
4 3
5 6
5 25
5 4
6 7
6 26
6 5
7 8
7 27
7 6
8 9
8 28
8 7
9 10
9 29
9 8
10 11
10 30
10 9
11 12
11 31
11 10
12 13
12 32
12 11
13 14
13 33
13 12
14 15
14 34
14 13
15 16
15 35
15 14
16 17
16 36
16 15
17 18
17 37
17 16
18 19
18 38
18 17
19 39
19 18
20 21
20 40
20 0
21 22
21 41
21 1
21 20
22 23
22 42
22 2
22 21
23 24
23 43
23 3
23 22
24 25
24 44
24 4
24 23
25 26
25 45
25 5
25 24
26 27
26 46
26 6
26 25
27 28
27 47
27 7
27 26
28 29
28 48
28 8
28 27
29 30
29 49
29 9
29 28
30 31
30 50
30 10
30 29
31 32
31 51
31 11
31 30
32 33
32 52
32 12
32 31
33 34
33 53
33 13
33 32
34 35
34 54
34 14
34 33
35 36
35 55
35 15
35 34
36 37
36 56
36 16
36 35
37 38
37 57
37 17
37 36
38 39
38 58
38 18
38 37
39 59
39 19
39 38
40 41
40 60
40 20
41 42
41 61
41 21
41 40
42 43
42 62
42 22
42 41
43 44
43 63
43 23
43 42
44 45
44 64
44 24
44 43
45 46
45 65
45 25
45 44
46 47
46 66
46 26
46 45
47 48
47 67
47 27
47 46
48 49
48 68
48 28
48 47
49 50
49 69
49 29
49 48
50 51
50 70
50 30
50 49
51 52
51 71
51 31
51 50
52 53
52 72
52 32
52 51
53 54
53 73
53 33
53 52
54 55
54 74
54 34
54 53
55 56
55 75
55 35
55 54
56 57
56 76
56 36
56 55
57 58
57 77
57 37
57 56
58 59
58 78
58 38
58 57
59 79
59 39
59 58
60 61
60 80
60 40
61 62
61 81
61 41
61 60
62 63
62 82
62 42
62 61
63 64
63 83
63 43
63 62
64 65
64 84
64 44
64 63
65 66
65 85
65 45
65 64
66 67
66 86
66 46
66 65
67 68
67 87
67 47
67 66
68 69
68 88
68 48
68 67
69 70
69 89
69 49
69 68
70 71
70 90
70 50
70 69
71 72
71 91
71 51
71 70
72 73
72 92
72 52
72 71
73 74
73 93
73 53
73 72
74 75
74 94
74 54
74 73
75 76
75 95
75 55
75 74
76 77
76 96
76 56
76 75
77 78
77 97
77 57
77 76
78 79
78 98
78 58
78 77
79 99
79 59
79 78
80 81
80 100
80 60
81 82
81 101
81 61
81 80
82 83
82 102
82 62
82 81
83 84
83 103
83 63
83 82
84 85
84 104
84 64
84 83
85 86
85 105
85 65
85 84
86 87
86 106
86 66
86 85
87 88
87 107
87 67
87 86
88 89
88 108
88 68
88 87
89 90
89 109
89 69
89 88
90 91
90 110
90 70
90 89
91 92
91 111
91 71
91 90
92 93
92 112
92 72
92 91
93 94
93 113
93 73
93 92
94 95
94 114
94 74
94 93
95 96
95 115
95 75
95 94
96 97
96 116
96 76
96 95
97 98
97 117
97 77
97 96
98 99
98 118
98 78
98 97
99 119
99 79
99 98
100 101
100 120
100 80
101 102
101 121
101 81
101 100
102 103
102 122
102 82
102 101
103 104
103 123
103 83
103 102
104 105
104 124
104 84
104 103
105 106
105 125
105 85
105 104
106 107
106 126
106 86
106 105
107 108
107 127
107 87
107 106
108 109
108 128
108 88
108 107
109 110
109 129
109 89
109 108
110 111
110 130
110 90
110 109
111 112
111 131
111 91
111 110
112 113
112 132
112 92
112 111
113 114
113 133
113 93
113 112
114 115
114 134
114 94
114 113
115 116
115 135
115 95
115 114
116 117
116 136
116 96
116 115
117 118
117 137
117 97
117 116
118 119
118 138
118 98
118 117
119 139
119 99
119 118
120 121
120 140
120 100
121 122
121 141
121 101
121 120
122 123
122 142
122 102
122 121
123 124
123 143
123 103
123 122
124 125
124 144
124 104
124 123
125 126
125 145
125 105
125 124
126 127
126 146
126 106
126 125
127 128
127 147
127 107
127 126
128 129
128 148
128 108
128 127
129 130
129 149
129 109
129 128
130 131
130 150
130 110
130 129
131 132
131 151
131 111
131 130
132 133
132 152
132 112
132 131
133 134
133 153
133 113
133 132
134 135
134 154
134 114
134 133
135 136
135 155
135 115
135 134
136 137
136 156
136 116
136 135
137 138
137 157
137 117
137 136
138 139
138 158
138 118
138 137
139 159
139 119
139 138
140 141
140 160
140 120
141 142
141 161
141 121
141 140
142 143
142 162
142 122
142 141
143 144
143 163
143 123
143 142
144 145
144 164
144 124
144 143
145 146
145 165
145 125
145 144
146 147
146 166
146 126
146 145
147 148
147 167
147 127
147 146
148 149
148 168
148 128
148 147
149 150
149 169
149 129
149 148
150 151
150 170
150 130
150 149
151 152
151 171
151 131
151 150
152 153
152 172
152 132
152 151
153 154
153 173
153 133
153 152
154 155
154 174
154 134
154 153
155 156
155 175
155 135
155 154
156 157
156 176
156 136
156 155
157 158
157 177
157 137
157 156
158 159
158 178
158 138
158 157
159 179
159 139
159 158
160 161
160 180
160 140
161 162
161 181
161 141
161 160
162 163
162 182
162 142
162 161
163 164
163 183
163 143
163 162
164 165
164 184
164 144
164 163
165 166
165 185
165 145
165 164
166 167
166 186
166 146
166 165
167 168
167 187
167 147
167 166
168 169
168 188
168 148
168 167
169 170
169 189
169 149
169 168
170 171
170 190
170 150
170 169
171 172
171 191
171 151
171 170
172 173
172 192
172 152
172 171
173 174
173 193
173 153
173 172
174 175
174 194
174 154
174 173
175 176
175 195
175 155
175 174
176 177
176 196
176 156
176 175
177 178
177 197
177 157
177 176
178 179
178 198
178 158
178 177
179 199
179 159
179 178
180 181
180 200
180 160
181 182
181 201
181 161
181 180
182 183
182 202
182 162
182 181
183 184
183 203
183 163
183 182
184 185
184 204
184 164
184 183
185 186
185 205
185 165
185 184
186 187
186 206
186 166
186 185
187 188
187 207
187 167
187 186
188 189
188 208
188 168
188 187
189 190
189 209
189 169
189 188
190 191
190 210
190 170
190 189
191 192
191 211
191 171
191 190
192 193
192 212
192 172
192 191
193 194
193 213
193 173
193 192
194 195
194 214
194 174
194 193
195 196
195 215
195 175
195 194
196 197
196 216
196 176
196 195
197 198
197 217
197 177
197 196
198 199
198 218
198 178
198 197
199 219
199 179
199 198
200 201
200 220
200 180
201 202
201 221
201 181
201 200
202 203
202 222
202 182
202 201
203 204
203 223
203 183
203 202
204 205
204 224
204 184
204 203
205 206
205 225
205 185
205 204
206 207
206 226
206 186
206 205
207 208
207 227
207 187
207 206
208 209
208 228
208 188
208 207
209 210
209 229
209 189
209 208
210 211
210 230
210 190
210 209
211 212
211 231
211 191
211 210
212 213
212 232
212 192
212 211
213 214
213 233
213 193
213 212
214 215
214 234
214 194
214 213
215 216
215 235
215 195
215 214
216 217
216 236
216 196
216 215
217 218
217 237
217 197
217 216
218 219
218 238
218 198
218 217
219 239
219 199
219 218
220 221
220 240
220 200
221 222
221 241
221 201
221 220
222 223
222 242
222 202
222 221
223 224
223 243
223 203
223 222
224 225
224 244
224 204
