900 1596
0 0
0 1
0 2
0 3
0 4
0 5
0 6
0 7
0 8
0 9
0 10
0 11
0 12
0 13
0 14
0 15
0 16
0 17
0 18
0 19
0 20
0 21
0 22
0 23
0 24
0 25
0 26
0 27
0 28
0 29
1 0
1 1
1 2
1 3
1 4
1 5
1 6
1 7
1 8
1 9
1 10
1 11
1 12
1 13
1 14
1 15
1 16
1 17
1 18
1 19
1 20
1 21
1 22
1 23
1 24
1 25
1 26
1 27
1 28
1 29
2 0
2 1
2 2
2 3
2 4
2 5
2 6
2 7
2 8
2 9
2 10
2 11
2 12
2 13
2 14
2 15
2 16
2 17
2 18
2 19
2 20
2 21
2 22
2 23
2 24
2 25
2 26
2 27
2 28
2 29
3 0
3 1
3 2
3 3
3 4
3 5
3 6
3 7
3 8
3 9
3 10
3 11
3 12
3 13
3 14
3 15
3 16
3 17
3 18
3 19
3 20
3 21
3 22
3 23
3 24
3 25
3 26
3 27
3 28
3 29
4 0
4 1
4 2
4 3
4 4
4 5
4 6
4 7
4 8
4 9
4 10
4 11
4 12
4 13
4 14
4 15
4 16
4 17
4 18
4 19
4 20
4 21
4 22
4 23
4 24
4 25
4 26
4 27
4 28
4 29
5 0
5 1
5 2
5 3
5 4
5 5
5 6
5 7
5 8
5 9
5 10
5 11
5 12
5 13
5 14
5 15
5 16
5 17
5 18
5 19
5 20
5 21
5 22
5 23
5 24
5 25
5 26
5 27
5 28
5 29
6 0
6 1
6 2
6 3
6 4
6 5
6 6
6 7
6 8
6 9
6 10
6 11
6 12
6 13
6 14
6 15
6 16
6 17
6 18
6 19
6 20
6 21
6 22
6 23
6 24
6 25
6 26
6 27
6 28
6 29
7 0
7 1
7 2
7 3
7 4
7 5
7 6
7 7
7 8
7 9
7 10
7 11
7 12
7 13
7 14
7 15
7 16
7 17
7 18
7 19
7 20
7 21
7 22
7 23
7 24
7 25
7 26
7 27
7 28
7 29
8 0
8 1
8 2
8 3
8 4
8 5
8 6
8 7
8 8
8 9
8 10
8 11
8 12
8 13
8 14
8 15
8 16
8 17
8 18
8 19
8 20
8 21
8 22
8 23
8 24
8 25
8 26
8 27
8 28
8 29
9 0
9 1
9 2
9 3
9 4
9 5
9 6
9 7
9 8
9 9
9 10
9 11
9 12
9 13
9 14
9 15
9 16
9 17
9 18
9 19
9 20
9 21
9 22
9 23
9 24
9 25
9 26
9 27
9 28
9 29
10 0
10 1
10 2
10 3
10 4
10 5
10 6
10 7
10 8
10 9
10 10
10 11
10 12
10 13
10 14
10 15
10 16
10 17
10 18
10 19
10 20
10 21
10 22
10 23
10 24
10 25
10 26
10 27
10 28
10 29
11 0
11 1
11 2
11 3
11 4
11 5
11 6
11 7
11 8
11 9
11 10
11 11
11 12
11 13
11 14
11 15
11 16
11 17
11 18
11 19
11 20
11 21
11 22
11 23
11 24
11 25
11 26
11 27
11 28
11 29
12 0
12 1
12 2
12 3
12 4
12 5
12 6
12 7
12 8
12 9
12 10
12 11
12 12
12 13
12 14
12 15
12 16
12 17
12 18
12 19
12 20
12 21
12 22
12 23
12 24
12 25
12 26
12 27
12 28
12 29
13 0
13 1
13 2
13 3
13 4
13 5
13 6
13 7
13 8
13 9
13 10
13 11
13 12
13 13
13 14
13 15
13 16
13 17
13 18
13 19
13 20
13 21
13 22
13 23
13 24
13 25
13 26
13 27
13 28
13 29
14 0
14 1
14 2
14 3
14 4
14 5
14 6
14 7
14 8
14 9
14 10
14 11
14 12
14 13
14 14
14 15
14 16
14 17
14 18
14 19
14 20
14 21
14 22
14 23
14 24
14 25
14 26
14 27
14 28
14 29
15 0
15 1
15 2
15 3
15 4
15 5
15 6
15 7
15 8
15 9
15 10
15 11
15 12
15 13
15 14
15 15
15 16
15 17
15 18
15 19
15 20
15 21
15 22
15 23
15 24
15 25
15 26
15 27
15 28
15 29
16 0
16 1
16 2
16 3
16 4
16 5
16 6
16 7
16 8
16 9
16 10
16 11
16 12
16 13
16 14
16 15
16 16
16 17
16 18
16 19
16 20
16 21
16 22
16 23
16 24
16 25
16 26
16 27
16 28
16 29
17 0
17 1
17 2
17 3
17 4
17 5
17 6
17 7
17 8
17 9
17 10
17 11
17 12
17 13
17 14
17 15
17 16
17 17
17 18
17 19
17 20
17 21
17 22
17 23
17 24
17 25
17 26
17 27
17 28
17 29
18 0
18 1
18 2
18 3
18 4
18 5
18 6
18 7
18 8
18 9
18 10
18 11
18 12
18 13
18 14
18 15
18 16
18 17
18 18
18 19
18 20
18 21
18 22
18 23
18 24
18 25
18 26
18 27
18 28
18 29
19 0
19 1
19 2
19 3
19 4
19 5
19 6
19 7
19 8
19 9
19 10
19 11
19 12
19 13
19 14
19 15
19 16
19 17
19 18
19 19
19 20
19 21
19 22
19 23
19 24
19 25
19 26
19 27
19 28
19 29
20 0
20 1
20 2
20 3
20 4
20 5
20 6
20 7
20 8
20 9
20 10
20 11
20 12
20 13
20 14
20 15
20 16
20 17
20 18
20 19
20 20
20 21
20 22
20 23
20 24
20 25
20 26
20 27
20 28
20 29
21 0
21 1
21 2
21 3
21 4
21 5
21 6
21 7
21 8
21 9
21 10
21 11
21 12
21 13
21 14
21 15
21 16
21 17
21 18
21 19
21 20
21 21
21 22
21 23
21 24
21 25
21 26
21 27
21 28
21 29
22 0
22 1
22 2
22 3
22 4
22 5
22 6
22 7
22 8
22 9
22 10
22 11
22 12
22 13
22 14
22 15
22 16
22 17
22 18
22 19
22 20
22 21
22 22
22 23
22 24
22 25
22 26
22 27
22 28
22 29
23 0
23 1
23 2
23 3
23 4
23 5
23 6
23 7
23 8
23 9
23 10
23 11
23 12
23 13
23 14
23 15
23 16
23 17
23 18
23 19
23 20
23 21
23 22
23 23
23 24
23 25
23 26
23 27
23 28
23 29
24 0
24 1
24 2
24 3
24 4
24 5
24 6
24 7
24 8
24 9
24 10
24 11
24 12
24 13
24 14
24 15
24 16
24 17
24 18
24 19
24 20
24 21
24 22
24 23
24 24
24 25
24 26
24 27
24 28
24 29
25 0
25 1
25 2
25 3
25 4
25 5
25 6
25 7
25 8
25 9
25 10
25 11
25 12
25 13
25 14
25 15
25 16
25 17
25 18
25 19
25 20
25 21
25 22
25 23
25 24
25 25
25 26
25 27
25 28
25 29
26 0
26 1
26 2
26 3
26 4
26 5
26 6
26 7
26 8
26 9
26 10
26 11
26 12
26 13
26 14
26 15
26 16
26 17
26 18
26 19
26 20
26 21
26 22
26 23
26 24
26 25
26 26
26 27
26 28
26 29
27 0
27 1
27 2
27 3
27 4
27 5
27 6
27 7
27 8
27 9
27 10
27 11
27 12
27 13
27 14
27 15
27 16
27 17
27 18
27 19
27 20
27 21
27 22
27 23
27 24
27 25
27 26
27 27
27 28
27 29
28 0
28 1
28 2
28 3
28 4
28 5
28 6
28 7
28 8
28 9
28 10
28 11
28 12
28 13
28 14
28 15
28 16
28 17
28 18
28 19
28 20
28 21
28 22
28 23
28 24
28 25
28 26
28 27
28 28
28 29
29 0
29 1
29 2
29 3
29 4
29 5
29 6
29 7
29 8
29 9
29 10
29 11
29 12
29 13
29 14
29 15
29 16
29 17
29 18
29 19
29 20
29 21
29 22
29 23
29 24
29 25
29 26
29 27
29 28
29 29
0 1
0 30
1 2
1 31
1 0
2 3
2 32
2 1
3 4
3 33
3 2
4 5
4 34
4 3
5 6
5 35
5 4
6 7
6 36
6 5
7 8
7 37
7 6
8 9
8 38
8 7
9 10
9 39
9 8
10 11
10 40
10 9
11 12
11 41
11 10
12 13
12 42
12 11
13 14
13 43
13 12
14 15
14 44
14 13
15 16
15 45
15 14
16 17
16 46
16 15
17 18
17 47
17 16
18 19
18 48
18 17
19 20
19 49
19 18
20 21
20 50
20 19
21 22
21 51
21 20
22 23
22 52
22 21
23 24
23 53
23 22
24 25
24 54
24 23
25 26
25 55
25 24
26 27
26 56
26 25
27 28
27 57
27 26
28 29
28 58
28 27
29 59
29 28
30 31
30 60
30 0
31 32
31 61
31 1
31 30
32 33
32 62
32 2
32 31
33 34
33 63
33 3
33 32
34 35
34 64
34 4
34 33
35 36
35 65
35 5
35 34
36 37
36 66
36 6
36 35
37 38
37 67
37 7
37 36
38 39
38 68
38 8
38 37
39 40
39 69
39 9
39 38
40 41
40 70
40 10
40 39
41 42
41 71
41 11
41 40
42 43
42 72
42 12
42 41
43 44
43 73
43 13
43 42
44 45
44 74
44 14
44 43
45 46
45 75
45 15
45 44
46 47
46 76
46 16
46 45
47 48
47 77
47 17
47 46
48 49
48 78
48 18
48 47
49 50
49 79
49 19
49 48
50 51
50 80
50 20
50 49
51 52
51 81
51 21
51 50
52 53
52 82
52 22
52 51
53 54
53 83
53 23
53 52
54 55
54 84
54 24
54 53
55 56
55 85
55 25
55 54
56 57
56 86
56 26
56 55
57 58
57 87
57 27
57 56
58 59
58 88
58 28
58 57
59 89
59 29
59 58
60 61
60 90
60 30
61 62
61 91
61 31
61 60
62 63
62 92
62 32
62 61
63 64
63 93
63 33
63 62
64 65
64 94
64 34
64 63
65 66
65 95
65 35
65 64
66 67
66 96
66 36
66 65
67 68
67 97
67 37
67 66
68 69
68 98
68 38
68 67
69 70
69 99
69 39
69 68
70 71
70 100
70 40
70 69
71 72
71 101
71 41
71 70
72 73
72 102
72 42
72 71
73 74
73 103
73 43
73 72
74 75
74 104
74 44
74 73
75 76
75 105
75 45
75 74
76 77
76 106
76 46
76 75
77 78
77 107
77 47
77 76
78 79
78 108
78 48
78 77
79 80
79 109
79 49
79 78
80 81
80 110
80 50
80 79
81 82
81 111
81 51
81 80
82 83
82 112
82 52
82 81
83 84
83 113
83 53
83 82
84 85
84 114
84 54
84 83
85 86
85 115
85 55
85 84
86 87
86 116
86 56
86 85
87 88
87 117
87 57
87 86
88 89
88 118
88 58
88 87
89 119
89 59
89 88
90 91
90 120
90 60
91 92
91 121
91 61
91 90
92 93
92 122
92 62
92 91
93 94
93 123
93 63
93 92
94 95
94 124
94 64
94 93
95 96
95 125
95 65
95 94
96 97
96 126
96 66
96 95
97 98
97 127
97 67
97 96
98 99
98 128
98 68
98 97
99 100
99 129
99 69
99 98
100 101
100 130
100 70
100 99
101 102
101 131
101 71
101 100
102 103
102 132
102 72
102 101
103 104
103 133
103 73
103 102
104 105
104 134
104 74
104 103
105 106
105 135
105 75
105 104
106 107
106 136
106 76
106 105
107 108
107 137
107 77
107 106
108 109
108 138
108 78
108 107
109 110
109 139
109 79
109 108
110 111
110 140
110 80
110 109
111 112
111 141
111 81
111 110
112 113
112 142
112 82
112 111
113 114
113 143
113 83
113 112
114 115
114 144
114 84
114 113
115 116
115 145
115 85
115 114
116 117
116 146
116 86
116 115
117 118
117 147
117 87
117 116
118 119
118 148
118 88
118 117
119 149
119 89
119 118
120 121
120 150
120 90
121 122
121 151
121 91
121 120
122 123
122 152
122 92
122 121
123 124
123 153
123 93
123 122
124 125
124 154
124 94
124 123
125 126
125 155
125 95
125 124
126 127
126 156
126 96
126 125
127 128
127 157
127 97
127 126
128 129
128 158
128 98
128 127
129 130
129 159
129 99
129 128
130 131
130 160
130 100
130 129
131 132
131 161
131 101
131 130
132 133
132 162
132 102
132 131
133 134
133 163
133 103
133 132
134 135
134 164
134 104
134 133
135 136
135 165
135 105
135 134
136 137
136 166
136 106
136 135
137 138
137 167
137 107
137 136
138 139
138 168
138 108
138 137
139 140
139 169
139 109
139 138
140 141
140 170
140 110
140 139
141 142
141 171
141 111
141 140
142 143
142 172
142 112
142 141
143 144
143 173
143 113
143 142
144 145
144 174
144 114
144 143
145 146
145 175
145 115
145 144
146 147
146 176
146 116
146 145
147 148
147 177
147 117
147 146
148 149
148 178
148 118
148 147
149 179
149 119
149 148
150 151
150 180
150 120
151 152
151 181
151 121
151 150
152 153
152 182
152 122
152 151
153 154
153 183
153 123
153 152
154 155
154 184
154 124
154 153
155 156
155 185
155 125
155 154
156 157
156 186
156 126
156 155
157 158
157 187
157 127
157 156
158 159
158 188
158 128
158 157
159 160
159 189
159 129
159 158
160 161
160 190
160 130
160 159
161 162
161 191
161 131
161 160
162 163
162 192
162 132
162 161
163 164
163 193
163 133
163 162
164 165
164 194
164 134
164 163
165 166
165 195
165 135
165 164
166 167
166 196
166 136
166 165
167 168
167 197
167 137
167 166
168 169
168 198
168 138
168 167
169 170
169 199
169 139
169 168
170 171
170 200
170 140
170 169
171 172
171 201
171 141
171 170
172 173
172 202
172 142
172 171
173 174
173 203
173 143
173 172
174 175
174 204
174 144
174 173
175 176
175 205
175 145
175 174
176 177
176 206
176 146
176 175
177 178
177 207
177 147
177 176
178 179
178 208
178 148
178 177
179 209
179 149
179 178
180 181
180 210
180 150
181 182
181 211
181 151
181 180
182 183
182 212
182 152
182 181
183 184
183 213
183 153
183 182
184 185
184 214
184 154
184 183
185 186
185 215
185 155
185 184
186 187
186 216
186 156
186 185
187 188
187 217
187 157
187 186
188 189
188 218
188 158
188 187
189 190
189 219
189 159
189 188
190 191
190 220
190 160
190 189
191 192
191 221
191 161
191 190
192 193
192 222
192 162
192 191
193 194
193 223
193 163
193 192
194 195
194 224
194 164
194 193
195 196
195 225
195 165
195 194
196 197
196 226
196 166
196 195
197 198
197 227
197 167
197 196
198 199
198 228
198 168
198 197
199 200
199 229
199 169
199 198
200 201
200 230
200 170
200 199
201 202
201 231
201 171
201 200
202 203
202 232
202 172
202 201
203 204
203 233
203 173
203 202
204 205
204 234
204 174
204 203
205 206
205 235
205 175
205 204
206 207
206 236
206 176
206 205
207 208
207 237
207 177
207 206
208 209
208 238
208 178
208 207
209 239
209 179
209 208
210 211
210 240
210 180
211 212
211 241
211 181
211 210
212 213
212 242
212 182
212 211
213 214
213 243
213 183
213 212
214 215
214 244
214 184
214 213
215 216
215 245
215 185
215 214
216 217
216 246
216 186
216 215
217 218
217 247
217 187
217 216
218 219
218 248
218 188
218 217
219 220
219 249
219 189
219 218
220 221
220 250
220 190
220 219
221 222
221 251
221 191
221 220
222 223
222 252
222 192
222 221
223 224
223 253
223 193
223 222
224 225
224 254
224 194
224 223
225 226
225 255
225 195
225 224
226 227
226 256
226 196
226 225
227 228
227 257
227 197
227 226
228 229
228 258
228 198
228 227
229 230
229 259
229 199
229 228
230 231
230 260
230 200
230 229
231 232
231 261
231 201
231 230
232 233
232 262
232 202
232 231
233 234
233 263
233 203
233 232
234 235
234 264
234 204
234 233
235 236
235 265
235 205
235 234
236 237
236 266
236 206
236 235
237 238
237 267
237 207
237 236
238 239
238 268
238 208
238 237
239 269
239 209
239 238
240 241
240 270
240 210
241 242
241 271
241 211
241 240
242 243
242 272
242 212
242 241
243 244
243 273
243 213
243 242
244 245
244 274
244 214
244 243
245 246
245 275
245 215
245 244
246 247
246 276
246 216
246 245
247 248
247 277
247 217
247 246
248 249
248 278
248 218
248 247
249 250
249 279
249 219
249 248
250 251
250 280
250 220
250 249
251 252
251 281
251 221
251 250
252 253
252 282
252 222
252 251
253 254
253 283
253 223
253 252
254 255
254 284
254 224
254 253
255 256
255 285
255 225
255 254
256 257
256 286
256 226
256 255
257 258
257 287
257 227
257 256
258 259
258 288
258 228
258 257
259 260
259 289
259 229
259 258
260 261
260 290
260 230
260 259
261 262
261 291
261 231
261 260
262 263
262 292
262 232
262 261
263 264
263 293
263 233
263 262
264 265
264 294
264 234
264 263
265 266
265 295
265 235
265 264
266 267
266 296
266 236
266 265
267 268
267 297
267 237
267 266
268 269
268 298
268 238
268 267
269 299
269 239
269 268
270 271
270 300
270 240
271 272
271 301
271 241
271 270
272 273
272 302
272 242
272 271
273 274
273 303
273 243
273 272
274 275
274 304
274 244
274 273
275 276
275 305
275 245
275 274
276 277
276 306
276 246
276 275
277 278
277 307
277 247
277 276
278 279
278 308
278 248
278 277
279 280
279 309
279 249
279 278
280 281
280 310
280 250
280 279
281 282
281 311
281 251
281 280
282 283
282 312
282 252
282 281
283 284
283 313
283 253
283 282
284 285
284 314
284 254
284 283
285 286
285 315
285 255
285 284
286 287
286 316
286 256
286 285
287 288
287 317
287 257
287 286
288 289
288 318
288 258
288 287
289 290
289 319
289 259
289 288
290 291
290 320
290 260
290 289
291 292
291 321
291 261
291 290
292 293
292 322
292 262
292 291
293 294
293 323
293 263
293 292
294 295
294 324
294 264
294 293
295 296
295 325
295 265
295 294
296 297
296 326
296 266
296 295
297 298
297 327
297 267
297 296
298 299
298 328
298 268
298 297
299 329
299 269
299 298
300 301
300 330
300 270
301 302
301 331
301 271
301 300
302 303
302 332
302 272
302 301
303 304
303 333
303 273
303 302
304 305
304 334
304 274
304 303
305 306
305 335
305 275
305 304
306 307
306 336
306 276
306 305
307 308
307 337
307 277
307 306
308 309
308 338
308 278
308 307
309 310
309 339
309 279
309 308
310 311
310 340
310 280
310 309
311 312
311 341
311 281
311 310
312 313
312 342
312 282
312 311
313 314
313 343
313 283
313 312
314 315
314 344
314 284
314 313
315 316
315 345
315 285
315 314
316 317
316 346
316 286
316 315
317 318
317 347
317 287
317 316
318 319
318 348
318 288
318 317
319 320
319 349
319 289
319 318
320 321
320 350
320 290
320 319
321 322
321 351
321 291
321 320
322 323
322 352
322 292
322 321
323 324
323 353
323 293
323 322
324 325
324 354
324 294
324 323
325 326
325 355
325 295
325 324
326 327
326 356
326 296
326 325
327 328
327 357
327 297
327 326
328 329
328 358
328 298
328 327
329 359
329 299
329 328
330 331
330 360
330 300
331 332
331 361
331 301
331 330
332 333
332 362
332 302
332 331
333 334
333 363
333 303
333 332
334 335
334 364
334 304
334 333
335 336
335 365
335 305
335 334
336 337
336 366
336 306
336 335
337 338
337 367
337 307
337 336
338 339
338 368
338 308
338 337
339 340
339 369
339 309
339 338
340 341
340 370
340 310
340 339
341 342
341 371
341 311
341 340
342 343
342 372
342 312
342 341
343 344
343 373
343 313
343 342
344 345
344 374
344 314
344 343
345 346
345 375
345 315
345 344
346 347
346 376
346 316
346 345
347 348
347 377
347 317
347 346
348 349
348 378
348 318
348 347
349 350
349 379
349 319
349 348
350 351
350 380
350 320
350 349
351 352
351 381
351 321
351 350
352 353
352 382
352 322
352 351
353 354
353 383
353 323
353 352
354 355
354 384
354 324
354 353
355 356
355 385
355 325
355 354
356 357
356 386
356 326
356 355
357 358
357 387
357 327
357 356
358 359
358 388
358 328
358 357
359 389
359 329
359 358
360 361
360 390
360 330
361 362
361 391
361 331
361 360
362 363
362 392
362 332
362 361
363 364
363 393
363 333
363 362
364 365
364 394
364 334
364 363
365 366
365 395
365 335
365 364
366 367
366 396
366 336
366 365
367 368
367 397
367 337
367 366
368 369
368 398
368 338
368 367
369 370
369 399
369 339
369 368
370 371
370 400
370 340
370 369
371 372
371 401
371 341
371 370
372 373
372 402
372 342
372 371
373 374
373 403
373 343
373 372
374 375
374 404
374 344
374 373
375 376
375 405
375 345
375 374
376 377
376 406
376 346
376 375
377 378
377 407
377 347
377 376
378 379
378 408
378 348
378 377
379 380
379 409
379 349
379 378
380 381
380 410
380 350
380 379
381 382
381 411
381 351
381 380
382 383
382 412
382 352
382 381
383 384
383 413
383 353
383 382
384 385
384 414
384 354
384 383
385 386
385 415
385 355
385 384
386 387
386 416
386 356
386 385
387 388
387 417
387 357
387 386
388 389
388 418
388 358
388 387
389 419
389 359
389 388
390 391
390 420
390 360
391 392
391 421
391 361
391 390
392 393
392 422
392 362
392 391
393 394
393 423
393 363
393 392
394 395
394 424
394 364
394 393
395 396
395 425
395 365
395 394
396 397
396 426
396 366
396 395
397 398
397 427
397 367
397 396
398 399
398 428
398 368
398 397
399 400
399 429
399 369
399 398
400 401
400 430
400 370
400 399
401 402
401 431
401 371
401 400
402 403
402 432
402 372
402 401
403 404
403 433
403 373
403 402
404 405
404 434
404 374
404 403
405 406
405 435
405 375
405 404
406 407
406 436
406 376
406 405
407 408
407 437
407 377
407 406
408 409
408 438
408 378
408 407
409 410
409 439
409 379
409 408
410 411
410 440
410 380
410 409
411 412
411 441
411 381
411 410
412 413
412 442
412 382
412 411
413 414
