2500 3480
0 0
0 1
0 2
0 3
0 4
0 5
0 6
0 7
0 8
0 9
0 10
0 11
0 12
0 13
0 14
0 15
0 16
0 17
0 18
0 19
0 20
0 21
0 22
0 23
0 24
0 25
0 26
0 27
0 28
0 29
0 30
0 31
0 32
0 33
0 34
0 35
0 36
0 37
0 38
0 39
0 40
0 41
0 42
0 43
0 44
0 45
0 46
0 47
0 48
0 49
1 0
1 1
1 2
1 3
1 4
1 5
1 6
1 7
1 8
1 9
1 10
1 11
1 12
1 13
1 14
1 15
1 16
1 17
1 18
1 19
1 20
1 21
1 22
1 23
1 24
1 25
1 26
1 27
1 28
1 29
1 30
1 31
1 32
1 33
1 34
1 35
1 36
1 37
1 38
1 39
1 40
1 41
1 42
1 43
1 44
1 45
1 46
1 47
1 48
1 49
2 0
2 1
2 2
2 3
2 4
2 5
2 6
2 7
2 8
2 9
2 10
2 11
2 12
2 13
2 14
2 15
2 16
2 17
2 18
2 19
2 20
2 21
2 22
2 23
2 24
2 25
2 26
2 27
2 28
2 29
2 30
2 31
2 32
2 33
2 34
2 35
2 36
2 37
2 38
2 39
2 40
2 41
2 42
2 43
2 44
2 45
2 46
2 47
2 48
2 49
3 0
3 1
3 2
3 3
3 4
3 5
3 6
3 7
3 8
3 9
3 10
3 11
3 12
3 13
3 14
3 15
3 16
3 17
3 18
3 19
3 20
3 21
3 22
3 23
3 24
3 25
3 26
3 27
3 28
3 29
3 30
3 31
3 32
3 33
3 34
3 35
3 36
3 37
3 38
3 39
3 40
3 41
3 42
3 43
3 44
3 45
3 46
3 47
3 48
3 49
4 0
4 1
4 2
4 3
4 4
4 5
4 6
4 7
4 8
4 9
4 10
4 11
4 12
4 13
4 14
4 15
4 16
4 17
4 18
4 19
4 20
4 21
4 22
4 23
4 24
4 25
4 26
4 27
4 28
4 29
4 30
4 31
4 32
4 33
4 34
4 35
4 36
4 37
4 38
4 39
4 40
4 41
4 42
4 43
4 44
4 45
4 46
4 47
4 48
4 49
5 0
5 1
5 2
5 3
5 4
5 5
5 6
5 7
5 8
5 9
5 10
5 11
5 12
5 13
5 14
5 15
5 16
5 17
5 18
5 19
5 20
5 21
5 22
5 23
5 24
5 25
5 26
5 27
5 28
5 29
5 30
5 31
5 32
5 33
5 34
5 35
5 36
5 37
5 38
5 39
5 40
5 41
5 42
5 43
5 44
5 45
5 46
5 47
5 48
5 49
6 0
6 1
6 2
6 3
6 4
6 5
6 6
6 7
6 8
6 9
6 10
6 11
6 12
6 13
6 14
6 15
6 16
6 17
6 18
6 19
6 20
6 21
6 22
6 23
6 24
6 25
6 26
6 27
6 28
6 29
6 30
6 31
6 32
6 33
6 34
6 35
6 36
6 37
6 38
6 39
6 40
6 41
6 42
6 43
6 44
6 45
6 46
6 47
6 48
6 49
7 0
7 1
7 2
7 3
7 4
7 5
7 6
7 7
7 8
7 9
7 10
7 11
7 12
7 13
7 14
7 15
7 16
7 17
7 18
7 19
7 20
7 21
7 22
7 23
7 24
7 25
7 26
7 27
7 28
7 29
7 30
7 31
7 32
7 33
7 34
7 35
7 36
7 37
7 38
7 39
7 40
7 41
7 42
7 43
7 44
7 45
7 46
7 47
7 48
7 49
8 0
8 1
8 2
8 3
8 4
8 5
8 6
8 7
8 8
8 9
8 10
8 11
8 12
8 13
8 14
8 15
8 16
8 17
8 18
8 19
8 20
8 21
8 22
8 23
8 24
8 25
8 26
8 27
8 28
8 29
8 30
8 31
8 32
8 33
8 34
8 35
8 36
8 37
8 38
8 39
8 40
8 41
8 42
8 43
8 44
8 45
8 46
8 47
8 48
8 49
9 0
9 1
9 2
9 3
9 4
9 5
9 6
9 7
9 8
9 9
9 10
9 11
9 12
9 13
9 14
9 15
9 16
9 17
9 18
9 19
9 20
9 21
9 22
9 23
9 24
9 25
9 26
9 27
9 28
9 29
9 30
9 31
9 32
9 33
9 34
9 35
9 36
9 37
9 38
9 39
9 40
9 41
9 42
9 43
9 44
9 45
9 46
9 47
9 48
9 49
10 0
10 1
10 2
10 3
10 4
10 5
10 6
10 7
10 8
10 9
10 10
10 11
10 12
10 13
10 14
10 15
10 16
10 17
10 18
10 19
10 20
10 21
10 22
10 23
10 24
10 25
10 26
10 27
10 28
10 29
10 30
10 31
10 32
10 33
10 34
10 35
10 36
10 37
10 38
10 39
10 40
10 41
10 42
10 43
10 44
10 45
10 46
10 47
10 48
10 49
11 0
11 1
11 2
11 3
11 4
11 5
11 6
11 7
11 8
11 9
11 10
11 11
11 12
11 13
11 14
11 15
11 16
11 17
11 18
11 19
11 20
11 21
11 22
11 23
11 24
11 25
11 26
11 27
11 28
11 29
11 30
11 31
11 32
11 33
11 34
11 35
11 36
11 37
11 38
11 39
11 40
11 41
11 42
11 43
11 44
11 45
11 46
11 47
11 48
11 49
12 0
12 1
12 2
12 3
12 4
12 5
12 6
12 7
12 8
12 9
12 10
12 11
12 12
12 13
12 14
12 15
12 16
12 17
12 18
12 19
12 20
12 21
12 22
12 23
12 24
12 25
12 26
12 27
12 28
12 29
12 30
12 31
12 32
12 33
12 34
12 35
12 36
12 37
12 38
12 39
12 40
12 41
12 42
12 43
12 44
12 45
12 46
12 47
12 48
12 49
13 0
13 1
13 2
13 3
13 4
13 5
13 6
13 7
13 8
13 9
13 10
13 11
13 12
13 13
13 14
13 15
13 16
13 17
13 18
13 19
13 20
13 21
13 22
13 23
13 24
13 25
13 26
13 27
13 28
13 29
13 30
13 31
13 32
13 33
13 34
13 35
13 36
13 37
13 38
13 39
13 40
13 41
13 42
13 43
13 44
13 45
13 46
13 47
13 48
13 49
14 0
14 1
14 2
14 3
14 4
14 5
14 6
14 7
14 8
14 9
14 10
14 11
14 12
14 13
14 14
14 15
14 16
14 17
14 18
14 19
14 20
14 21
14 22
14 23
14 24
14 25
14 26
14 27
14 28
14 29
14 30
14 31
14 32
14 33
14 34
14 35
14 36
14 37
14 38
14 39
14 40
14 41
14 42
14 43
14 44
14 45
14 46
14 47
14 48
14 49
15 0
15 1
15 2
15 3
15 4
15 5
15 6
15 7
15 8
15 9
15 10
15 11
15 12
15 13
15 14
15 15
15 16
15 17
15 18
15 19
15 20
15 21
15 22
15 23
15 24
15 25
15 26
15 27
15 28
15 29
15 30
15 31
15 32
15 33
15 34
15 35
15 36
15 37
15 38
15 39
15 40
15 41
15 42
15 43
15 44
15 45
15 46
15 47
15 48
15 49
16 0
16 1
16 2
16 3
16 4
16 5
16 6
16 7
16 8
16 9
16 10
16 11
16 12
16 13
16 14
16 15
16 16
16 17
16 18
16 19
16 20
16 21
16 22
16 23
16 24
16 25
16 26
16 27
16 28
16 29
16 30
16 31
16 32
16 33
16 34
16 35
16 36
16 37
16 38
16 39
16 40
16 41
16 42
16 43
16 44
16 45
16 46
16 47
16 48
16 49
17 0
17 1
17 2
17 3
17 4
17 5
17 6
17 7
17 8
17 9
17 10
17 11
17 12
17 13
17 14
17 15
17 16
17 17
17 18
17 19
17 20
17 21
17 22
17 23
17 24
17 25
17 26
17 27
17 28
17 29
17 30
17 31
17 32
17 33
17 34
17 35
17 36
17 37
17 38
17 39
17 40
17 41
17 42
17 43
17 44
17 45
17 46
17 47
17 48
17 49
18 0
18 1
18 2
18 3
18 4
18 5
18 6
18 7
18 8
18 9
18 10
18 11
18 12
18 13
18 14
18 15
18 16
18 17
18 18
18 19
18 20
18 21
18 22
18 23
18 24
18 25
18 26
18 27
18 28
18 29
18 30
18 31
18 32
18 33
18 34
18 35
18 36
18 37
18 38
18 39
18 40
18 41
18 42
18 43
18 44
18 45
18 46
18 47
18 48
18 49
19 0
19 1
19 2
19 3
19 4
19 5
19 6
19 7
19 8
19 9
19 10
19 11
19 12
19 13
19 14
19 15
19 16
19 17
19 18
19 19
19 20
19 21
19 22
19 23
19 24
19 25
19 26
19 27
19 28
19 29
19 30
19 31
19 32
19 33
19 34
19 35
19 36
19 37
19 38
19 39
19 40
19 41
19 42
19 43
19 44
19 45
19 46
19 47
19 48
19 49
20 0
20 1
20 2
20 3
20 4
20 5
20 6
20 7
20 8
20 9
20 10
20 11
20 12
20 13
20 14
20 15
20 16
20 17
20 18
20 19
20 20
20 21
20 22
20 23
20 24
20 25
20 26
20 27
20 28
20 29
20 30
20 31
20 32
20 33
20 34
20 35
20 36
20 37
20 38
20 39
20 40
20 41
20 42
20 43
20 44
20 45
20 46
20 47
20 48
20 49
21 0
21 1
21 2
21 3
21 4
21 5
21 6
21 7
21 8
21 9
21 10
21 11
21 12
21 13
21 14
21 15
21 16
21 17
21 18
21 19
21 20
21 21
21 22
21 23
21 24
21 25
21 26
21 27
21 28
21 29
21 30
21 31
21 32
21 33
21 34
21 35
21 36
21 37
21 38
21 39
21 40
21 41
21 42
21 43
21 44
21 45
21 46
21 47
21 48
21 49
22 0
22 1
22 2
22 3
22 4
22 5
22 6
22 7
22 8
22 9
22 10
22 11
22 12
22 13
22 14
22 15
22 16
22 17
22 18
22 19
22 20
22 21
22 22
22 23
22 24
22 25
22 26
22 27
22 28
22 29
22 30
22 31
22 32
22 33
22 34
22 35
22 36
22 37
22 38
22 39
22 40
22 41
22 42
22 43
22 44
22 45
22 46
22 47
22 48
22 49
23 0
23 1
23 2
23 3
23 4
23 5
23 6
23 7
23 8
23 9
23 10
23 11
23 12
23 13
23 14
23 15
23 16
23 17
23 18
23 19
23 20
23 21
23 22
23 23
23 24
23 25
23 26
23 27
23 28
23 29
23 30
23 31
23 32
23 33
23 34
23 35
23 36
23 37
23 38
23 39
23 40
23 41
23 42
23 43
23 44
23 45
23 46
23 47
23 48
23 49
24 0
24 1
24 2
24 3
24 4
24 5
24 6
24 7
24 8
24 9
24 10
24 11
24 12
24 13
24 14
24 15
24 16
24 17
24 18
24 19
24 20
24 21
24 22
24 23
24 24
24 25
24 26
24 27
24 28
24 29
24 30
24 31
24 32
24 33
24 34
24 35
24 36
24 37
24 38
24 39
24 40
24 41
24 42
24 43
24 44
24 45
24 46
24 47
24 48
24 49
25 0
25 1
25 2
25 3
25 4
25 5
25 6
25 7
25 8
25 9
25 10
25 11
25 12
25 13
25 14
25 15
25 16
25 17
25 18
25 19
25 20
25 21
25 22
25 23
25 24
25 25
25 26
25 27
25 28
25 29
25 30
25 31
25 32
25 33
25 34
25 35
25 36
25 37
25 38
25 39
25 40
25 41
25 42
25 43
25 44
25 45
25 46
25 47
25 48
25 49
26 0
26 1
26 2
26 3
26 4
26 5
26 6
26 7
26 8
26 9
26 10
26 11
26 12
26 13
26 14
26 15
26 16
26 17
26 18
26 19
26 20
26 21
26 22
26 23
26 24
26 25
26 26
26 27
26 28
26 29
26 30
26 31
26 32
26 33
26 34
26 35
26 36
26 37
26 38
26 39
26 40
26 41
26 42
26 43
26 44
26 45
26 46
26 47
26 48
26 49
27 0
27 1
27 2
27 3
27 4
27 5
27 6
27 7
27 8
27 9
27 10
27 11
27 12
27 13
27 14
27 15
27 16
27 17
27 18
27 19
27 20
27 21
27 22
27 23
27 24
27 25
27 26
27 27
27 28
27 29
27 30
27 31
27 32
27 33
27 34
27 35
27 36
27 37
27 38
27 39
27 40
27 41
27 42
27 43
27 44
27 45
27 46
27 47
27 48
27 49
28 0
28 1
28 2
28 3
28 4
28 5
28 6
28 7
28 8
28 9
28 10
28 11
28 12
28 13
28 14
28 15
28 16
28 17
28 18
28 19
28 20
28 21
28 22
28 23
28 24
28 25
28 26
28 27
28 28
28 29
28 30
28 31
28 32
28 33
28 34
28 35
28 36
28 37
28 38
28 39
28 40
28 41
28 42
28 43
28 44
28 45
28 46
28 47
28 48
28 49
29 0
29 1
29 2
29 3
29 4
29 5
29 6
29 7
29 8
29 9
29 10
29 11
29 12
29 13
29 14
29 15
29 16
29 17
29 18
29 19
29 20
29 21
29 22
29 23
29 24
29 25
29 26
29 27
29 28
29 29
29 30
29 31
29 32
29 33
29 34
29 35
29 36
29 37
29 38
29 39
29 40
29 41
29 42
29 43
29 44
29 45
29 46
29 47
29 48
29 49
30 0
30 1
30 2
30 3
30 4
30 5
30 6
30 7
30 8
30 9
30 10
30 11
30 12
30 13
30 14
30 15
30 16
30 17
30 18
30 19
30 20
30 21
30 22
30 23
30 24
30 25
30 26
30 27
30 28
30 29
30 30
30 31
30 32
30 33
30 34
30 35
30 36
30 37
30 38
30 39
30 40
30 41
30 42
30 43
30 44
30 45
30 46
30 47
30 48
30 49
31 0
31 1
31 2
31 3
31 4
31 5
31 6
31 7
31 8
31 9
31 10
31 11
31 12
31 13
31 14
31 15
31 16
31 17
31 18
31 19
31 20
31 21
31 22
31 23
31 24
31 25
31 26
31 27
31 28
31 29
31 30
31 31
31 32
31 33
31 34
31 35
31 36
31 37
31 38
31 39
31 40
31 41
31 42
31 43
31 44
31 45
31 46
31 47
31 48
31 49
32 0
32 1
32 2
32 3
32 4
32 5
32 6
32 7
32 8
32 9
32 10
32 11
32 12
32 13
32 14
32 15
32 16
32 17
32 18
32 19
32 20
32 21
32 22
32 23
32 24
32 25
32 26
32 27
32 28
32 29
32 30
32 31
32 32
32 33
32 34
32 35
32 36
32 37
32 38
32 39
32 40
32 41
32 42
32 43
32 44
32 45
32 46
32 47
32 48
32 49
33 0
33 1
33 2
33 3
33 4
33 5
33 6
33 7
33 8
33 9
33 10
33 11
33 12
33 13
33 14
33 15
33 16
33 17
33 18
33 19
33 20
33 21
33 22
33 23
33 24
33 25
33 26
33 27
33 28
33 29
33 30
33 31
33 32
33 33
33 34
33 35
33 36
33 37
33 38
33 39
33 40
33 41
33 42
33 43
33 44
33 45
33 46
33 47
33 48
33 49
34 0
34 1
34 2
34 3
34 4
34 5
34 6
34 7
34 8
34 9
34 10
34 11
34 12
34 13
34 14
34 15
34 16
34 17
34 18
34 19
34 20
34 21
34 22
34 23
34 24
34 25
34 26
34 27
34 28
34 29
34 30
34 31
34 32
34 33
34 34
34 35
34 36
34 37
34 38
34 39
34 40
34 41
34 42
34 43
34 44
34 45
34 46
34 47
34 48
34 49
35 0
35 1
35 2
35 3
35 4
35 5
35 6
35 7
35 8
35 9
35 10
35 11
35 12
35 13
35 14
35 15
35 16
35 17
35 18
35 19
35 20
35 21
35 22
35 23
35 24
35 25
35 26
35 27
35 28
35 29
35 30
35 31
35 32
35 33
35 34
35 35
35 36
35 37
35 38
35 39
35 40
35 41
35 42
35 43
35 44
35 45
35 46
35 47
35 48
35 49
36 0
36 1
36 2
36 3
36 4
36 5
36 6
36 7
36 8
36 9
36 10
36 11
36 12
36 13
36 14
36 15
36 16
36 17
36 18
36 19
36 20
36 21
36 22
36 23
36 24
36 25
36 26
36 27
36 28
36 29
36 30
36 31
36 32
36 33
36 34
36 35
36 36
36 37
36 38
36 39
36 40
36 41
36 42
36 43
36 44
36 45
36 46
36 47
36 48
36 49
37 0
37 1
37 2
37 3
37 4
37 5
37 6
37 7
37 8
37 9
37 10
37 11
37 12
37 13
37 14
37 15
37 16
37 17
37 18
37 19
37 20
37 21
37 22
37 23
37 24
37 25
37 26
37 27
37 28
37 29
37 30
37 31
37 32
37 33
37 34
37 35
37 36
37 37
37 38
37 39
37 40
37 41
37 42
37 43
37 44
37 45
37 46
37 47
37 48
37 49
38 0
38 1
38 2
38 3
38 4
38 5
38 6
38 7
38 8
38 9
38 10
38 11
38 12
38 13
38 14
38 15
38 16
38 17
38 18
38 19
38 20
38 21
38 22
38 23
38 24
38 25
38 26
38 27
38 28
38 29
38 30
38 31
38 32
38 33
38 34
38 35
38 36
38 37
38 38
38 39
38 40
38 41
38 42
38 43
38 44
38 45
38 46
38 47
38 48
38 49
39 0
39 1
39 2
39 3
39 4
39 5
39 6
39 7
39 8
39 9
39 10
39 11
39 12
39 13
39 14
39 15
39 16
39 17
39 18
39 19
39 20
39 21
39 22
39 23
39 24
39 25
39 26
39 27
39 28
39 29
39 30
39 31
39 32
39 33
39 34
39 35
39 36
39 37
39 38
39 39
39 40
39 41
39 42
39 43
39 44
39 45
39 46
39 47
39 48
39 49
40 0
40 1
40 2
40 3
40 4
40 5
40 6
40 7
40 8
40 9
40 10
40 11
40 12
40 13
40 14
40 15
40 16
40 17
40 18
40 19
40 20
40 21
40 22
40 23
40 24
40 25
40 26
40 27
40 28
40 29
40 30
40 31
40 32
40 33
40 34
40 35
40 36
40 37
40 38
40 39
40 40
40 41
40 42
40 43
40 44
40 45
40 46
40 47
40 48
40 49
41 0
41 1
41 2
41 3
41 4
41 5
41 6
41 7
41 8
41 9
41 10
41 11
41 12
41 13
41 14
41 15
41 16
41 17
41 18
41 19
41 20
41 21
41 22
41 23
41 24
41 25
41 26
41 27
41 28
41 29
41 30
41 31
41 32
41 33
41 34
41 35
41 36
41 37
41 38
41 39
41 40
41 41
41 42
41 43
41 44
41 45
41 46
41 47
41 48
41 49
42 0
42 1
42 2
42 3
42 4
42 5
42 6
42 7
42 8
42 9
42 10
42 11
42 12
42 13
42 14
42 15
42 16
42 17
42 18
42 19
42 20
42 21
42 22
42 23
42 24
42 25
42 26
42 27
42 28
42 29
42 30
42 31
42 32
42 33
42 34
42 35
42 36
42 37
42 38
42 39
42 40
42 41
42 42
42 43
42 44
42 45
42 46
42 47
42 48
42 49
43 0
43 1
43 2
43 3
43 4
43 5
43 6
43 7
43 8
43 9
43 10
43 11
43 12
43 13
43 14
43 15
43 16
43 17
43 18
43 19
43 20
43 21
43 22
43 23
43 24
43 25
43 26
43 27
43 28
43 29
43 30
43 31
43 32
43 33
43 34
43 35
43 36
43 37
43 38
43 39
43 40
43 41
43 42
43 43
43 44
43 45
43 46
43 47
43 48
43 49
44 0
44 1
44 2
44 3
44 4
44 5
44 6
44 7
44 8
44 9
44 10
44 11
44 12
44 13
44 14
44 15
44 16
44 17
44 18
44 19
44 20
44 21
44 22
44 23
44 24
44 25
44 26
44 27
44 28
44 29
44 30
44 31
44 32
44 33
44 34
44 35
44 36
44 37
44 38
44 39
44 40
44 41
44 42
44 43
44 44
44 45
44 46
44 47
44 48
44 49
45 0
45 1
45 2
45 3
45 4
45 5
45 6
45 7
45 8
45 9
45 10
45 11
45 12
45 13
45 14
45 15
45 16
45 17
45 18
45 19
45 20
45 21
45 22
45 23
45 24
45 25
45 26
45 27
45 28
45 29
45 30
45 31
45 32
45 33
45 34
45 35
45 36
45 37
45 38
45 39
45 40
45 41
45 42
45 43
45 44
45 45
45 46
45 47
45 48
45 49
46 0
46 1
46 2
46 3
46 4
46 5
46 6
46 7
46 8
46 9
46 10
46 11
46 12
46 13
46 14
46 15
46 16
46 17
46 18
46 19
46 20
46 21
46 22
46 23
46 24
46 25
46 26
46 27
46 28
46 29
46 30
46 31
46 32
46 33
46 34
46 35
46 36
46 37
46 38
46 39
46 40
46 41
46 42
46 43
46 44
46 45
46 46
46 47
46 48
46 49
47 0
47 1
47 2
47 3
47 4
47 5
47 6
47 7
47 8
47 9
47 10
47 11
47 12
47 13
47 14
47 15
47 16
47 17
47 18
47 19
47 20
47 21
47 22
47 23
47 24
47 25
47 26
47 27
47 28
47 29
47 30
47 31
47 32
47 33
47 34
47 35
47 36
47 37
47 38
47 39
47 40
47 41
47 42
47 43
47 44
47 45
47 46
47 47
47 48
47 49
48 0
48 1
48 2
48 3
48 4
48 5
48 6
48 7
48 8
48 9
48 10
48 11
48 12
48 13
48 14
48 15
48 16
48 17
48 18
48 19
48 20
48 21
48 22
48 23
48 24
48 25
48 26
48 27
48 28
48 29
48 30
48 31
48 32
48 33
48 34
48 35
48 36
48 37
48 38
48 39
48 40
48 41
48 42
48 43
48 44
48 45
48 46
48 47
48 48
48 49
49 0
49 1
49 2
49 3
49 4
49 5
49 6
49 7
49 8
49 9
49 10
49 11
49 12
49 13
49 14
49 15
49 16
49 17
49 18
49 19
49 20
49 21
49 22
49 23
49 24
49 25
49 26
49 27
49 28
49 29
49 30
49 31
49 32
49 33
49 34
49 35
49 36
49 37
49 38
49 39
49 40
49 41
49 42
49 43
49 44
49 45
49 46
49 47
49 48
49 49
0 1
0 50
1 2
1 51
1 0
2 3
2 52
2 1
3 4
3 53
3 2
4 5
4 54
4 3
5 6
5 55
5 4
6 7
6 56
6 5
7 8
7 57
7 6
8 9
8 58
8 7
9 10
9 59
9 8
10 11
10 60
10 9
11 12
11 61
11 10
12 13
12 62
12 11
13 14
13 63
13 12
14 15
14 64
14 13
15 16
15 65
15 14
16 17
16 66
16 15
17 18
17 67
17 16
18 19
18 68
18 17
19 20
19 69
19 18
20 21
20 70
20 19
21 22
21 71
21 20
22 23
22 72
22 21
23 24
23 73
23 22
24 25
24 74
24 23
25 26
25 75
25 24
26 27
26 76
26 25
27 28
27 77
27 26
28 29
28 78
28 27
29 30
29 79
29 28
30 31
30 80
30 29
31 32
31 81
31 30
32 33
32 82
32 31
33 34
33 83
33 32
34 35
34 84
34 33
35 36
35 85
35 34
36 37
36 86
36 35
37 38
37 87
37 36
38 39
38 88
38 37
39 40
39 89
39 38
40 41
40 90
40 39
41 42
41 91
41 40
42 43
42 92
42 41
43 44
43 93
43 42
44 45
44 94
44 43
45 46
45 95
45 44
46 47
46 96
46 45
47 48
47 97
47 46
48 49
48 98
48 47
49 99
49 48
50 51
50 100
50 0
51 52
51 101
51 1
51 50
52 53
52 102
52 2
52 51
53 54
53 103
53 3
53 52
54 55
54 104
54 4
54 53
55 56
55 105
55 5
55 54
56 57
56 106
56 6
56 55
57 58
57 107
57 7
57 56
58 59
58 108
58 8
58 57
59 60
59 109
59 9
59 58
60 61
60 110
60 10
60 59
61 62
61 111
61 11
61 60
62 63
62 112
62 12
62 61
63 64
63 113
63 13
63 62
64 65
64 114
64 14
64 63
65 66
65 115
65 15
65 64
66 67
66 116
66 16
66 65
67 68
67 117
67 17
67 66
68 69
68 118
68 18
68 67
69 70
69 119
69 19
69 68
70 71
70 120
70 20
70 69
71 72
71 121
71 21
71 70
72 73
72 122
72 22
72 71
73 74
73 123
73 23
73 72
74 75
74 124
74 24
74 73
75 76
75 125
75 25
75 74
76 77
76 126
76 26
76 75
77 78
77 127
77 27
77 76
78 79
78 128
78 28
78 77
79 80
79 129
79 29
79 78
80 81
80 130
80 30
80 79
81 82
81 131
81 31
81 80
82 83
82 132
82 32
82 81
83 84
83 133
83 33
83 82
84 85
84 134
84 34
84 83
85 86
85 135
85 35
85 84
86 87
86 136
86 36
86 85
87 88
87 137
87 37
87 86
88 89
88 138
88 38
88 87
89 90
89 139
89 39
89 88
90 91
90 140
90 40
90 89
91 92
91 141
91 41
91 90
92 93
92 142
92 42
92 91
93 94
93 143
93 43
93 92
94 95
94 144
94 44
94 93
95 96
95 145
95 45
95 94
96 97
96 146
96 46
96 95
97 98
97 147
97 47
97 96
98 99
98 148
98 48
98 97
99 149
99 49
99 98
100 101
100 150
100 50
101 102
101 151
101 51
101 100
102 103
102 152
102 52
102 101
103 104
103 153
103 53
103 102
104 105
104 154
104 54
104 103
105 106
105 155
105 55
105 104
106 107
106 156
106 56
106 105
107 108
107 157
107 57
107 106
108 109
108 158
108 58
108 107
109 110
109 159
109 59
109 108
110 111
110 160
110 60
110 109
111 112
111 161
111 61
111 110
112 113
112 162
112 62
112 111
113 114
113 163
113 63
113 112
114 115
114 164
114 64
114 113
115 116
115 165
115 65
115 114
116 117
116 166
116 66
116 115
117 118
117 167
117 67
117 116
118 119
118 168
118 68
118 117
119 120
119 169
119 69
119 118
120 121
120 170
120 70
120 119
121 122
121 171
121 71
121 120
122 123
122 172
122 72
122 121
123 124
123 173
123 73
123 122
124 125
124 174
124 74
124 123
125 126
125 175
125 75
125 124
126 127
126 176
126 76
126 125
127 128
127 177
127 77
127 126
128 129
128 178
128 78
128 127
129 130
129 179
129 79
129 128
130 131
130 180
130 80
130 129
131 132
131 181
131 81
131 130
132 133
132 182
132 82
132 131
133 134
133 183
133 83
133 132
134 135
134 184
134 84
134 133
135 136
135 185
135 85
135 134
136 137
136 186
136 86
136 135
137 138
137 187
137 87
137 136
138 139
138 188
138 88
138 137
139 140
139 189
139 89
139 138
140 141
140 190
140 90
140 139
141 142
141 191
141 91
141 140
142 143
142 192
142 92
142 141
143 144
143 193
143 93
143 142
144 145
144 194
144 94
144 143
145 146
145 195
145 95
145 144
146 147
146 196
146 96
146 145
147 148
147 197
147 97
147 146
148 149
148 198
148 98
148 147
149 199
149 99
149 148
150 151
150 200
150 100
151 152
151 201
151 101
151 150
152 153
152 202
152 102
152 151
153 154
153 203
153 103
153 152
154 155
154 204
154 104
154 153
155 156
155 205
155 105
155 154
156 157
156 206
156 106
156 155
157 158
157 207
157 107
157 156
158 159
158 208
158 108
158 157
159 160
159 209
159 109
159 158
160 161
160 210
160 110
160 159
161 162
161 211
161 111
161 160
162 163
162 212
162 112
162 161
163 164
163 213
163 113
163 162
164 165
164 214
164 114
164 163
165 166
165 215
165 115
165 164
166 167
166 216
166 116
166 165
167 168
167 217
167 117
167 166
168 169
168 218
168 118
168 167
169 170
169 219
169 119
169 168
170 171
170 220
170 120
170 169
171 172
171 221
171 121
171 170
172 173
172 222
172 122
172 171
173 174
173 223
173 123
173 172
174 175
174 224
174 124
174 173
175 176
175 225
175 125
175 174
176 177
176 226
176 126
176 175
177 178
177 227
177 127
177 176
178 179
178 228
178 128
178 177
179 180
179 229
179 129
179 178
180 181
180 230
180 130
180 179
181 182
181 231
181 131
181 180
182 183
182 232
182 132
182 181
183 184
183 233
183 133
183 182
184 185
184 234
184 134
184 183
185 186
185 235
185 135
185 184
186 187
186 236
186 136
186 185
187 188
187 237
187 137
187 186
188 189
188 238
188 138
188 187
189 190
189 239
189 139
189 188
190 191
190 240
190 140
190 189
191 192
191 241
191 141
191 190
192 193
192 242
192 142
192 191
193 194
193 243
193 143
193 192
194 195
194 244
194 144
194 193
195 196
195 245
195 145
195 194
196 197
196 246
196 146
196 195
197 198
197 247
197 147
197 196
198 199
198 248
198 148
198 197
199 249
199 149
199 198
200 201
200 250
200 150
201 202
201 251
201 151
201 200
202 203
202 252
202 152
202 201
203 204
203 253
203 153
203 202
204 205
204 254
204 154
204 203
205 206
205 255
205 155
205 204
206 207
206 256
206 156
206 205
207 208
207 257
207 157
207 206
208 209
208 258
208 158
208 207
209 210
209 259
209 159
209 208
210 211
210 260
210 160
210 209
211 212
211 261
211 161
211 210
212 213
212 262
212 162
212 211
213 214
213 263
213 163
213 212
214 215
214 264
214 164
214 213
215 216
215 265
215 165
215 214
216 217
216 266
216 166
216 215
217 218
217 267
217 167
217 216
218 219
218 268
218 168
218 217
219 220
219 269
219 169
219 218
220 221
220 270
220 170
220 219
221 222
221 271
221 171
221 220
222 223
222 272
222 172
222 221
223 224
223 273
223 173
223 222
224 225
224 274
224 174
224 223
225 226
225 275
225 175
225 224
226 227
226 276
226 176
226 225
227 228
227 277
227 177
227 226
228 229
228 278
228 178
228 227
229 230
229 279
229 179
229 228
230 231
230 280
230 180
230 229
231 232
231 281
231 181
231 230
232 233
232 282
232 182
232 231
233 234
233 283
233 183
233 232
234 235
234 284
234 184
234 233
235 236
235 285
235 185
235 234
236 237
236 286
236 186
236 235
237 238
237 287
237 187
237 236
238 239
238 288
238 188
238 237
239 240
239 289
239 189
239 238
240 241
240 290
240 190
240 239
241 242
241 291
241 191
241 240
242 243
242 292
242 192
242 241
243 244
243 293
243 193
243 242
244 245
244 294
244 194
244 243
245 246
245 295
245 195
245 244
246 247
246 296
246 196
246 245
247 248
247 297
247 197
247 246
248 249
248 298
248 198
248 247
249 299
249 199
249 248
250 251
250 300
250 200
251 252
251 301
251 201
251 250
252 253
252 302
252 202
252 251
253 254
253 303
253 203
253 252
254 255
254 304
254 204
254 253
255 256
255 305
255 205
255 254
256 257
256 306
256 206
256 255
257 258
257 307
257 207
257 256
258 259
258 308
258 208
258 257
259 260
259 309
259 209
259 258
260 261
260 310
260 210
260 259
261 262
261 311
261 211
261 260
262 263
262 312
262 212
262 261
263 264
263 313
263 213
263 262
264 265
264 314
264 214
264 263
265 266
265 315
265 215
265 264
266 267
266 316
266 216
266 265
267 268
267 317
267 217
267 266
268 269
268 318
268 218
268 267
269 270
269 319
269 219
269 268
270 271
270 320
270 220
270 269
271 272
271 321
271 221
271 270
272 273
272 322
272 222
272 271
273 274
273 323
273 223
273 272
274 275
274 324
274 224
274 273
275 276
275 325
275 225
275 274
276 277
276 326
276 226
276 275
277 278
277 327
277 227
277 276
278 279
278 328
278 228
278 277
279 280
279 329
279 229
279 278
280 281
280 330
280 230
280 279
281 282
281 331
281 231
281 280
282 283
282 332
282 232
282 281
283 284
283 333
283 233
283 282
284 285
284 334
284 234
284 283
285 286
285 335
285 235
285 284
286 287
286 336
286 236
286 285
287 288
287 337
287 237
287 286
288 289
288 338
288 238
288 287
289 290
289 339
289 239
289 288
290 291
290 340
290 240
290 289
291 292
291 341
291 241
291 290
292 293
292 342
292 242
292 291
293 294
293 343
293 243
293 292
294 295
294 344
294 244
294 293
295 296
295 345
295 245
295 294
296 297
296 346
296 246
296 295
297 298
297 347
297 247
297 296
298 299
298 348
298 248
298 297
299 349
299 249
299 298
300 301
300 350
300 250
301 302
301 351
301 251
301 300
302 303
302 352
302 252
302 301
303 304
303 353
303 253
303 302
304 305
304 354
304 254
304 303
305 306
305 355
305 255
305 304
306 307
306 356
306 256
306 305
307 308
307 357
307 257
307 306
308 309
308 358
308 258
308 307
309 310
309 359
309 259
309 308
310 311
310 360
310 260
310 309
311 312
311 361
311 261
311 310
312 313
312 362
312 262
312 311
313 314
313 363
313 263
313 312
314 315
314 364
314 264
314 313
315 316
315 365
315 265
315 314
316 317
316 366
316 266
316 315
317 318
317 367
317 267
317 316
318 319
318 368
318 268
318 317
319 320
319 369
319 269
319 318
320 321
320 370
320 270
320 319
321 322
321 371
321 271
321 320
322 323
322 372
322 272
322 321
323 324
323 373
323 273
323 322
324 325
324 374
324 274
324 323
325 326
325 375
325 275
325 324
326 327
326 376
326 276
326 325
327 328
327 377
327 277
327 326
328 329
328 378
328 278
328 327
329 330
329 379
329 279
329 328
330 331
330 380
330 280
330 329
331 332
331 381
331 281
331 330
332 333
332 382
332 282
332 331
333 334
333 383
333 283
333 332
334 335
334 384
334 284
334 333
335 336
335 385
335 285
335 334
336 337
336 386
336 286
336 335
337 338
337 387
337 287
337 336
338 339
338 388
338 288
338 337
339 340
339 389
339 289
339 338
340 341
340 390
340 290
340 339
341 342
341 391
341 291
341 340
342 343
342 392
342 292
342 341
343 344
343 393
343 293
343 342
344 345
344 394
344 294
344 343
345 346
345 395
345 295
345 344
346 347
346 396
346 296
346 345
347 348
347 397
347 297
347 346
348 349
348 398
348 298
348 347
349 399
349 299
349 348
350 351
350 400
350 300
351 352
351 401
351 301
351 350
352 353
352 402
352 302
352 351
353 354
353 403
353 303
353 352
354 355
354 404
354 304
354 353
355 356
355 405
355 305
355 354
356 357
356 406
356 306
356 355
357 358
357 407
357 307
357 356
358 359
358 408
358 308
358 357
359 360
359 409
359 309
359 358
360 361
360 410
360 310
360 359
361 362
361 411
361 311
361 360
362 363
362 412
362 312
362 361
363 364
363 413
363 313
363 362
364 365
364 414
364 314
364 363
365 366
365 415
365 315
365 364
366 367
366 416
366 316
366 365
367 368
367 417
367 317
367 366
368 369
368 418
368 318
368 367
369 370
369 419
369 319
369 368
370 371
370 420
370 320
370 369
371 372
371 421
371 321
371 370
372 373
372 422
372 322
372 371
373 374
373 423
373 323
373 372
374 375
374 424
374 324
374 373
375 376
375 425
375 325
375 374
376 377
376 426
376 326
376 375
377 378
377 427
377 327
377 376
378 379
378 428
378 328
378 377
379 380
379 429
379 329
379 378
380 381
380 430
380 330
380 379
381 382
381 431
381 331
381 380
382 383
382 432
382 332
382 381
383 384
383 433
383 333
383 382
384 385
384 434
384 334
384 383
385 386
385 435
385 335
385 384
386 387
386 436
386 336
386 385
387 388
387 437
387 337
387 386
388 389
388 438
388 338
388 387
389 390
389 439
389 339
389 388
390 391
390 440
390 340
390 389
391 392
391 441
391 341
391 390
392 393
392 442
392 342
392 391
393 394
393 443
393 343
393 392
394 395
394 444
394 344
394 393
395 396
395 445
395 345
395 394
396 397
396 446
396 346
396 395
397 398
397 447
397 347
397 396
398 399
398 448
398 348
398 397
399 449
399 349
399 398
400 401
400 450
400 350
401 402
401 451
401 351
401 400
402 403
402 452
402 352
402 401
403 404
403 453
403 353
403 402
404 405
404 454
404 354
404 403
405 406
405 455
405 355
405 404
406 407
406 456
406 356
406 405
407 408
407 457
407 357
407 406
408 409
408 458
408 358
408 407
409 410
409 459
409 359
409 408
410 411
410 460
410 360
410 409
411 412
411 461
411 361
411 410
412 413
412 462
412 362
412 411
413 414
413 463
413 363
413 412
414 415
414 464
414 364
414 413
415 416
415 465
415 365
415 414
416 417
416 466
416 366
416 415
417 418
417 467
417 367
417 416
418 419
418 468
418 368
418 417
419 420
419 469
419 369
419 418
420 421
420 470
420 370
420 419
421 422
421 471
421 371
421 420
422 423
422 472
422 372
422 421
423 424
423 473
423 373
423 422
424 425
424 474
424 374
424 423
425 426
425 475
425 375
425 424
426 427
426 476
426 376
426 425
427 428
427 477
427 377
427 426
428 429
428 478
428 378
428 427
429 430
429 479
429 379
429 428
430 431
430 480
430 380
430 429
431 432
431 481
431 381
431 430
432 433
432 482
432 382
432 431
433 434
433 483
433 383
433 432
434 435
434 484
434 384
434 433
435 436
435 485
435 385
435 434
436 437
436 486
436 386
436 435
437 438
437 487
437 387
437 436
438 439
438 488
438 388
438 437
439 440
439 489
439 389
439 438
440 441
440 490
440 390
440 439
441 442
441 491
441 391
441 440
442 443
442 492
442 392
442 441
443 444
443 493
443 393
443 442
444 445
444 494
444 394
444 443
445 446
445 495
445 395
445 444
446 447
446 496
446 396
446 445
447 448
447 497
447 397
447 446
448 449
448 498
448 398
448 447
449 499
449 399
449 448
450 451
450 500
450 400
451 452
451 501
451 401
451 450
452 453
452 502
452 402
452 451
453 454
453 503
453 403
453 452
454 455
454 504
454 404
454 453
455 456
455 505
455 405
455 454
456 457
456 506
456 406
456 455
457 458
457 507
457 407
457 456
458 459
458 508
458 408
458 457
459 460
459 509
459 409
459 458
460 461
460 510
460 410
460 459
461 462
461 511
461 411
461 460
462 463
462 512
462 412
462 461
463 464
463 513
463 413
463 462
464 465
464 514
464 414
464 463
465 466
465 515
465 415
465 464
466 467
466 516
466 416
466 465
467 468
467 517
467 417
467 466
468 469
468 518
468 418
468 467
469 470
469 519
469 419
469 468
470 471
470 520
470 420
470 469
471 472
471 521
471 421
471 470
472 473
472 522
472 422
472 471
473 474
473 523
473 423
473 472
474 475
474 524
474 424
474 473
475 476
475 525
475 425
475 474
476 477
476 526
476 426
476 475
477 478
477 527
477 427
477 476
478 479
478 528
478 428
478 477
479 480
479 529
479 429
479 478
480 481
480 530
480 430
480 479
481 482
481 531
481 431
481 480
482 483
482 532
482 432
482 481
483 484
483 533
483 433
483 482
484 485
484 534
484 434
484 483
485 486
485 535
485 435
485 484
486 487
486 536
486 436
486 485
487 488
487 537
487 437
487 486
488 489
488 538
488 438
488 487
489 490
489 539
489 439
489 488
490 491
490 540
490 440
490 489
491 492
491 541
491 441
491 490
492 493
492 542
492 442
492 491
493 494
493 543
493 443
493 492
494 495
494 544
494 444
494 493
495 496
495 545
495 445
495 494
496 497
496 546
496 446
496 495
497 498
497 547
497 447
497 496
498 499
498 548
498 448
498 497
499 549
499 449
499 498
500 501
500 550
500 450
501 502
501 551
501 451
501 500
502 503
502 552
502 452
502 501
503 504
503 553
503 453
503 502
504 505
504 554
504 454
504 503
505 506
505 555
505 455
505 504
506 507
506 556
506 456
506 505
507 508
507 557
507 457
507 506
508 509
508 558
508 458
508 507
509 510
509 559
509 459
509 508
510 511
510 560
510 460
510 509
511 512
511 561
511 461
511 510
512 513
512 562
512 462
512 511
513 514
513 563
513 463
513 512
514 515
514 564
514 464
514 513
515 516
515 565
515 465
515 514
516 517
516 566
516 466
516 515
517 518
517 567
517 467
517 516
518 519
518 568
518 468
518 517
519 520
519 569
519 469
519 518
520 521
520 570
520 470
520 519
521 522
521 571
521 471
521 520
522 523
522 572
522 472
522 521
523 524
523 573
523 473
523 522
524 525
524 574
524 474
524 523
525 526
525 575
525 475
525 524
526 527
526 576
526 476
526 525
527 528
527 577
527 477
527 526
528 529
528 578
528 478
528 527
529 530
529 579
529 479
529 528
530 531
530 580
530 480
530 529
531 532
531 581
531 481
531 530
532 533
532 582
532 482
532 531
533 534
533 583
533 483
533 532
534 535
534 584
534 484
534 533
535 536
535 585
535 485
535 534
536 537
536 586
536 486
536 535
537 538
537 587
537 487
537 536
538 539
538 588
538 488
538 537
539 540
539 589
539 489
539 538
540 541
540 590
540 490
540 539
541 542
541 591
541 491
541 540
542 543
542 592
542 492
542 541
543 544
543 593
543 493
543 542
544 545
544 594
544 494
544 543
545 546
545 595
545 495
545 544
546 547
546 596
546 496
546 545
547 548
547 597
547 497
547 546
548 549
548 598
548 498
548 547
549 599
549 499
549 548
550 551
550 600
550 500
551 552
551 601
551 501
551 550
552 553
552 602
552 502
552 551
553 554
553 603
553 503
553 552
554 555
554 604
554 504
554 553
555 556
555 605
555 505
555 554
556 557
556 606
556 506
556 555
557 558
557 607
557 507
557 556
558 559
558 608
558 508
558 557
559 560
559 609
559 509
559 558
560 561
560 610
560 510
560 559
561 562
561 611
561 511
561 560
562 563
562 612
562 512
562 561
563 564
563 613
563 513
563 562
564 565
564 614
564 514
564 563
565 566
565 615
565 515
565 564
566 567
566 616
566 516
566 565
567 568
567 617
567 517
567 566
568 569
568 618
568 518
568 567
569 570
569 619
569 519
569 568
570 571
570 620
570 520
570 569
571 572
571 621
571 521
571 570
572 573
572 622
572 522
572 571
573 574
573 623
573 523
573 572
574 575
574 624
574 524
574 573
575 576
575 625
575 525
575 574
576 577
576 626
576 526
576 575
577 578
577 627
577 527
577 576
578 579
578 628
578 528
578 577
579 580
579 629
579 529
579 578
580 581
580 630
580 530
580 579
581 582
581 631
581 531
581 580
582 583
582 632
582 532
582 581
583 584
583 633
583 533
583 582
584 585
584 634
584 534
584 583
585 586
585 635
585 535
585 584
586 587
586 636
586 536
586 585
587 588
587 637
587 537
587 586
588 589
588 638
588 538
588 587
589 590
589 639
589 539
589 588
590 591
590 640
590 540
590 589
591 592
591 641
591 541
591 590
592 593
592 642
592 542
592 591
593 594
593 643
593 543
593 592
594 595
594 644
594 544
594 593
595 596
595 645
595 545
595 594
596 597
596 646
596 546
596 595
597 598
597 647
597 547
597 596
598 599
598 648
598 548
598 597
599 649
599 549
599 598
600 601
600 650
600 550
601 602
601 651
601 551
601 600
602 603
602 652
602 552
602 601
603 604
603 653
603 553
603 602
604 605
604 654
604 554
604 603
605 606
605 655
605 555
605 604
606 607
606 656
606 556
606 605
607 608
607 657
607 557
607 606
608 609
608 658
608 558
608 607
609 610
609 659
609 559
609 608
610 611
610 660
610 560
610 609
611 612
611 661
611 561
611 610
612 613
612 662
612 562
612 611
613 614
613 663
613 563
613 612
614 615
614 664
614 564
614 613
615 616
615 665
615 565
615 614
616 617
616 666
616 566
616 615
617 618
617 667
617 567
617 616
618 619
618 668
618 568
618 617
619 620
619 669
619 569
619 618
620 621
620 670
620 570
620 619
621 622
621 671
621 571
621 620
622 623
622 672
622 572
622 621
623 624
623 673
623 573
623 622
624 625
624 674
624 574
624 623
625 626
625 675
625 575
625 624
626 627
626 676
626 576
626 625
627 628
627 677
627 577
627 626
628 629
628 678
628 578
628 627
629 630
629 679
629 579
629 628
630 631
630 680
630 580
630 629
631 632
631 681
631 581
631 630
632 633
632 682
632 582
632 631
633 634
633 683
633 583
633 632
634 635
634 684
634 584
634 633
635 636
635 685
635 585
635 634
636 637
636 686
636 586
636 635
637 638
637 687
637 587
637 636
638 639
638 688
638 588
638 637
639 640
639 689
639 589
639 638
640 641
640 690
640 590
640 639
641 642
641 691
641 591
641 640
642 643
642 692
642 592
642 641
643 644
643 693
643 593
643 642
644 645
644 694
644 594
644 643
645 646
645 695
645 595
645 644
646 647
646 696
646 596
646 645
647 648
647 697
647 597
647 646
648 649
648 698
648 598
648 647
649 699
649 599
649 648
650 651
650 700
650 600
651 652
651 701
651 601
651 650
652 653
652 702
652 602
652 651
653 654
653 703
653 603
653 652
654 655
654 704
654 604
654 653
655 656
655 705
655 605
655 654
656 657
656 706
656 606
656 655
657 658
657 707
657 607
657 656
658 659
658 708
658 608
658 657
659 660
659 709
659 609
659 658
660 661
660 710
660 610
660 659
661 662
661 711
661 611
661 660
662 663
662 712
662 612
662 661
663 664
663 713
663 613
663 662
664 665
664 714
664 614
664 663
665 666
665 715
665 615
665 664
666 667
666 716
666 616
666 665
667 668
667 717
667 617
667 666
668 669
668 718
668 618
668 667
669 670
669 719
669 619
669 668
670 671
670 720
670 620
670 669
671 672
671 721
671 621
671 670
672 673
672 722
672 622
672 671
673 674
673 723
673 623
673 672
674 675
674 724
674 624
674 673
675 676
675 725
675 625
675 674
676 677
676 726
676 626
676 675
677 678
677 727
677 627
677 676
678 679
678 728
678 628
678 677
679 680
679 729
679 629
679 678
680 681
680 730
680 630
680 679
681 682
681 731
681 631
681 680
682 683
682 732
682 632
682 681
683 684
683 733
683 633
683 682
684 685
684 734
684 634
684 683
685 686
685 735
685 635
685 684
686 687
686 736
686 636
686 685
687 688
687 737
687 637
687 686
688 689
688 738
688 638
688 687
689 690
689 739
689 639
689 688
690 691
690 740
690 640
690 689
691 692
691 741
691 641
691 690
692 693
692 742
692 642
692 691
693 694
693 743
693 643
693 692
694 695
694 744
694 644
694 693
695 696
695 745
695 645
695 694
696 697
696 746
696 646
696 695
697 698
697 747
697 647
697 696
698 699
698 748
698 648
698 697
699 749
699 649
699 698
700 701
700 750
700 650
701 702
701 751
701 651
701 700
702 703
702 752
702 652
702 701
703 704
703 753
703 653
703 702
704 705
704 754
704 654
704 703
705 706
705 755
705 655
705 704
706 707
706 756
706 656
706 705
707 708
707 757
707 657
707 706
708 709
708 758
708 658
708 707
709 710
709 759
709 659
709 708
710 711
710 760
710 660
710 709
711 712
711 761
711 661
711 710
712 713
712 762
712 662
712 711
713 714
713 763
713 663
713 712
714 715
714 764
714 664
714 713
715 716
715 765
715 665
715 714
716 717
716 766
716 666
716 715
717 718
717 767
717 667
717 716
718 719
718 768
718 668
718 717
719 720
719 769
719 669
719 718
720 721
720 770
720 670
720 719
721 722
721 771
721 671
721 720
722 723
722 772
722 672
722 721
723 724
723 773
723 673
723 722
724 725
724 774
724 674
724 723
725 726
725 775
725 675
725 724
726 727
726 776
726 676
726 725
727 728
727 777
727 677
727 726
728 729
728 778
728 678
728 727
729 730
729 779
729 679
729 728
730 731
730 780
730 680
730 729
731 732
731 781
731 681
731 730
732 733
732 782
732 682
732 731
733 734
733 783
733 683
733 732
734 735
734 784
734 684
734 733
735 736
735 785
735 685
735 734
736 737
736 786
736 686
736 735
737 738
737 787
737 687
737 736
738 739
738 788
738 688
738 737
739 740
739 789
739 689
739 738
740 741
740 790
740 690
740 739
741 742
741 791
741 691
741 740
742 743
742 792
742 692
742 741
743 744
743 793
743 693
743 742
744 745
744 794
744 694
744 743
745 746
745 795
745 695
745 744
746 747
746 796
746 696
746 745
747 748
747 797
747 697
747 746
748 749
748 798
748 698
748 747
749 799
749 699
749 748
750 751
750 800
750 700
751 752
751 801
751 701
751 750
752 753
752 802
752 702
752 751
753 754
753 803
753 703
753 752
754 755
754 804
754 704
754 753
755 756
755 805
755 705
755 754
756 757
756 806
756 706
756 755
757 758
757 807
757 707
757 756
758 759
758 808
758 708
758 757
759 760
759 809
759 709
759 758
760 761
760 810
760 710
760 759
761 762
761 811
761 711
761 760
762 763
762 812
762 712
762 761
763 764
763 813
763 713
763 762
764 765
764 814
764 714
764 763
765 766
765 815
765 715
765 764
766 767
766 816
766 716
766 765
767 768
767 817
767 717
767 766
768 769
768 818
768 718
768 767
769 770
769 819
769 719
769 768
770 771
770 820
770 720
770 769
771 772
771 821
771 721
771 770
772 773
772 822
772 722
772 771
773 774
773 823
773 723
773 772
774 775
774 824
774 724
774 773
775 776
775 825
775 725
775 774
776 777
776 826
776 726
776 775
777 778
777 827
777 727
777 776
778 779
778 828
778 728
778 777
779 780
779 829
779 729
779 778
780 781
780 830
780 730
780 779
781 782
781 831
781 731
781 780
782 783
782 832
782 732
782 781
783 784
783 833
783 733
783 782
784 785
784 834
784 734
784 783
785 786
785 835
785 735
785 784
786 787
786 836
786 736
786 785
787 788
787 837
787 737
787 786
788 789
788 838
788 738
788 787
789 790
789 839
789 739
789 788
790 791
790 840
790 740
790 789
791 792
791 841
791 741
791 790
792 793
792 842
792 742
792 791
793 794
793 843
793 743
793 792
794 795
794 844
794 744
794 793
795 796
795 845
795 745
795 794
796 797
796 846
796 746
796 795
797 798
797 847
797 747
797 796
798 799
798 848
798 748
798 797
799 849
799 749
799 798
800 801
800 850
800 750
801 802
801 851
801 751
801 800
802 803
802 852
802 752
802 801
803 804
803 853
803 753
803 802
804 805
804 854
804 754
804 803
805 806
805 855
805 755
805 804
806 807
806 856
806 756
806 805
807 808
807 857
807 757
807 806
808 809
808 858
808 758
808 807
809 810
809 859
809 759
809 808
810 811
810 860
810 760
810 809
811 812
811 861
811 761
811 810
812 813
812 862
812 762
812 811
813 814
813 863
813 763
813 812
814 815
814 864
814 764
814 813
815 816
815 865
815 765
815 814
816 817
816 866
816 766
816 815
817 818
817 867
817 767
817 816
818 819
818 868
818 768
818 817
819 820
819 869
819 769
819 818
820 821
820 870
820 770
820 819
821 822
821 871
821 771
821 820
822 823
822 872
822 772
822 821
823 824
823 873
823 773
823 822
824 825
824 874
824 774
824 823
825 826
825 875
825 775
825 824
826 827
826 876
826 776
826 825
827 828
827 877
827 777
827 826
828 829
828 878
828 778
828 827
829 830
829 879
829 779
829 828
830 831
830 880
830 780
830 829
831 832
831 881
831 781
831 830
832 833
832 882
832 782
832 831
833 834
833 883
833 783
833 832
834 835
834 884
834 784
834 833
835 836
835 885
835 785
835 834
836 837
836 886
836 786
836 835
837 838
837 887
837 787
837 836
838 839
838 888
838 788
838 837
839 840
839 889
839 789
839 838
840 841
840 890
840 790
840 839
841 842
841 891
841 791
841 840
842 843
842 892
842 792
842 841
843 844
843 893
843 793
843 842
844 845
844 894
844 794
844 843
845 846
845 895
845 795
845 844
846 847
846 896
846 796
846 845
847 848
847 897
847 797
847 846
848 849
848 898
848 798
848 847
849 899
849 799
849 848
850 851
850 900
850 800
851 852
851 901
851 801
851 850
852 853
852 902
852 802
852 851
853 854
853 903
853 803
853 852
854 855
854 904
854 804
854 853
855 856
855 905
855 805
855 854
856 857
856 906
856 806
856 855
857 858
857 907
857 807
857 856
858 859
858 908
858 808
858 857
859 860
859 909
859 809
859 858
860 861
860 910
860 810
860 859
861 862
861 911
861 811
861 860
862 863
862 912
862 812
862 861
863 864
863 913
863 813
863 862
864 865
864 914
864 814
864 863
865 866
865 915
865 815
865 864
866 867
866 916
866 816
866 865
867 868
867 917
867 817
867 866
868 869
868 918
868 818
868 867
869 870
869 919
869 819
869 868
870 871
870 920
870 820
870 869
871 872
871 921
871 821
871 870
872 873
872 922
872 822
872 871
873 874
873 923
873 823
873 872
874 875
874 924
874 824
874 873
875 876
875 925
875 825
875 874
876 877
876 926
876 826
876 875
877 878
877 927
877 827
877 876
878 879
878 928
878 828
878 877
879 880
879 929
879 829
879 878
880 881
880 930
880 830
880 879
881 882
881 931
881 831
881 880
882 883
882 932
882 832
882 881
883 884
883 933
883 833
883 882
884 885
884 934
884 834
884 883
885 886
885 935
885 835
885 884
886 887
886 936
886 836
886 885
887 888
887 937
887 837
887 886
888 889
888 938
888 838
888 887
889 890
889 939
889 839
889 888
890 891
890 940
890 840
890 889
891 892
