1600 5344
0 0
0 1
0 2
0 3
0 4
0 5
0 6
0 7
0 8
0 9
0 10
0 11
0 12
0 13
0 14
0 15
0 16
0 17
0 18
0 19
0 20
0 21
0 22
0 23
0 24
0 25
0 26
0 27
0 28
0 29
0 30
0 31
0 32
0 33
0 34
0 35
0 36
0 37
0 38
0 39
1 0
1 1
1 2
1 3
1 4
1 5
1 6
1 7
1 8
1 9
1 10
1 11
1 12
1 13
1 14
1 15
1 16
1 17
1 18
1 19
1 20
1 21
1 22
1 23
1 24
1 25
1 26
1 27
1 28
1 29
1 30
1 31
1 32
1 33
1 34
1 35
1 36
1 37
1 38
1 39
2 0
2 1
2 2
2 3
2 4
2 5
2 6
2 7
2 8
2 9
2 10
2 11
2 12
2 13
2 14
2 15
2 16
2 17
2 18
2 19
2 20
2 21
2 22
2 23
2 24
2 25
2 26
2 27
2 28
2 29
2 30
2 31
2 32
2 33
2 34
2 35
2 36
2 37
2 38
2 39
3 0
3 1
3 2
3 3
3 4
3 5
3 6
3 7
3 8
3 9
3 10
3 11
3 12
3 13
3 14
3 15
3 16
3 17
3 18
3 19
3 20
3 21
3 22
3 23
3 24
3 25
3 26
3 27
3 28
3 29
3 30
3 31
3 32
3 33
3 34
3 35
3 36
3 37
3 38
3 39
4 0
4 1
4 2
4 3
4 4
4 5
4 6
4 7
4 8
4 9
4 10
4 11
4 12
4 13
4 14
4 15
4 16
4 17
4 18
4 19
4 20
4 21
4 22
4 23
4 24
4 25
4 26
4 27
4 28
4 29
4 30
4 31
4 32
4 33
4 34
4 35
4 36
4 37
4 38
4 39
5 0
5 1
5 2
5 3
5 4
5 5
5 6
5 7
5 8
5 9
5 10
5 11
5 12
5 13
5 14
5 15
5 16
5 17
5 18
5 19
5 20
5 21
5 22
5 23
5 24
5 25
5 26
5 27
5 28
5 29
5 30
5 31
5 32
5 33
5 34
5 35
5 36
5 37
5 38
5 39
6 0
6 1
6 2
6 3
6 4
6 5
6 6
6 7
6 8
6 9
6 10
6 11
6 12
6 13
6 14
6 15
6 16
6 17
6 18
6 19
6 20
6 21
6 22
6 23
6 24
6 25
6 26
6 27
6 28
6 29
6 30
6 31
6 32
6 33
6 34
6 35
6 36
6 37
6 38
6 39
7 0
7 1
7 2
7 3
7 4
7 5
7 6
7 7
7 8
7 9
7 10
7 11
7 12
7 13
7 14
7 15
7 16
7 17
7 18
7 19
7 20
7 21
7 22
7 23
7 24
7 25
7 26
7 27
7 28
7 29
7 30
7 31
7 32
7 33
7 34
7 35
7 36
7 37
7 38
7 39
8 0
8 1
8 2
8 3
8 4
8 5
8 6
8 7
8 8
8 9
8 10
8 11
8 12
8 13
8 14
8 15
8 16
8 17
8 18
8 19
8 20
8 21
8 22
8 23
8 24
8 25
8 26
8 27
8 28
8 29
8 30
8 31
8 32
8 33
8 34
8 35
8 36
8 37
8 38
8 39
9 0
9 1
9 2
9 3
9 4
9 5
9 6
9 7
9 8
9 9
9 10
9 11
9 12
9 13
9 14
9 15
9 16
9 17
9 18
9 19
9 20
9 21
9 22
9 23
9 24
9 25
9 26
9 27
9 28
9 29
9 30
9 31
9 32
9 33
9 34
9 35
9 36
9 37
9 38
9 39
10 0
10 1
10 2
10 3
10 4
10 5
10 6
10 7
10 8
10 9
10 10
10 11
10 12
10 13
10 14
10 15
10 16
10 17
10 18
10 19
10 20
10 21
10 22
10 23
10 24
10 25
10 26
10 27
10 28
10 29
10 30
10 31
10 32
10 33
10 34
10 35
10 36
10 37
10 38
10 39
11 0
11 1
11 2
11 3
11 4
11 5
11 6
11 7
11 8
11 9
11 10
11 11
11 12
11 13
11 14
11 15
11 16
11 17
11 18
11 19
11 20
11 21
11 22
11 23
11 24
11 25
11 26
11 27
11 28
11 29
11 30
11 31
11 32
11 33
11 34
11 35
11 36
11 37
11 38
11 39
12 0
12 1
12 2
12 3
12 4
12 5
12 6
12 7
12 8
12 9
12 10
12 11
12 12
12 13
12 14
12 15
12 16
12 17
12 18
12 19
12 20
12 21
12 22
12 23
12 24
12 25
12 26
12 27
12 28
12 29
12 30
12 31
12 32
12 33
12 34
12 35
12 36
12 37
12 38
12 39
13 0
13 1
13 2
13 3
13 4
13 5
13 6
13 7
13 8
13 9
13 10
13 11
13 12
13 13
13 14
13 15
13 16
13 17
13 18
13 19
13 20
13 21
13 22
13 23
13 24
13 25
13 26
13 27
13 28
13 29
13 30
13 31
13 32
13 33
13 34
13 35
13 36
13 37
13 38
13 39
14 0
14 1
14 2
14 3
14 4
14 5
14 6
14 7
14 8
14 9
14 10
14 11
14 12
14 13
14 14
14 15
14 16
14 17
14 18
14 19
14 20
14 21
14 22
14 23
14 24
14 25
14 26
14 27
14 28
14 29
14 30
14 31
14 32
14 33
14 34
14 35
14 36
14 37
14 38
14 39
15 0
15 1
15 2
15 3
15 4
15 5
15 6
15 7
15 8
15 9
15 10
15 11
15 12
15 13
15 14
15 15
15 16
15 17
15 18
15 19
15 20
15 21
15 22
15 23
15 24
15 25
15 26
15 27
15 28
15 29
15 30
15 31
15 32
15 33
15 34
15 35
15 36
15 37
15 38
15 39
16 0
16 1
16 2
16 3
16 4
16 5
16 6
16 7
16 8
16 9
16 10
16 11
16 12
16 13
16 14
16 15
16 16
16 17
16 18
16 19
16 20
16 21
16 22
16 23
16 24
16 25
16 26
16 27
16 28
16 29
16 30
16 31
16 32
16 33
16 34
16 35
16 36
16 37
16 38
16 39
17 0
17 1
17 2
17 3
17 4
17 5
17 6
17 7
17 8
17 9
17 10
17 11
17 12
17 13
17 14
17 15
17 16
17 17
17 18
17 19
17 20
17 21
17 22
17 23
17 24
17 25
17 26
17 27
17 28
17 29
17 30
17 31
17 32
17 33
17 34
17 35
17 36
17 37
17 38
17 39
18 0
18 1
18 2
18 3
18 4
18 5
18 6
18 7
18 8
18 9
18 10
18 11
18 12
18 13
18 14
18 15
18 16
18 17
18 18
18 19
18 20
18 21
18 22
18 23
18 24
18 25
18 26
18 27
18 28
18 29
18 30
18 31
18 32
18 33
18 34
18 35
18 36
18 37
18 38
18 39
19 0
19 1
19 2
19 3
19 4
19 5
19 6
19 7
19 8
19 9
19 10
19 11
19 12
19 13
19 14
19 15
19 16
19 17
19 18
19 19
19 20
19 21
19 22
19 23
19 24
19 25
19 26
19 27
19 28
19 29
19 30
19 31
19 32
19 33
19 34
19 35
19 36
19 37
19 38
19 39
20 0
20 1
20 2
20 3
20 4
20 5
20 6
20 7
20 8
20 9
20 10
20 11
20 12
20 13
20 14
20 15
20 16
20 17
20 18
20 19
20 20
20 21
20 22
20 23
20 24
20 25
20 26
20 27
20 28
20 29
20 30
20 31
20 32
20 33
20 34
20 35
20 36
20 37
20 38
20 39
21 0
21 1
21 2
21 3
21 4
21 5
21 6
21 7
21 8
21 9
21 10
21 11
21 12
21 13
21 14
21 15
21 16
21 17
21 18
21 19
21 20
21 21
21 22
21 23
21 24
21 25
21 26
21 27
21 28
21 29
21 30
21 31
21 32
21 33
21 34
21 35
21 36
21 37
21 38
21 39
22 0
22 1
22 2
22 3
22 4
22 5
22 6
22 7
22 8
22 9
22 10
22 11
22 12
22 13
22 14
22 15
22 16
22 17
22 18
22 19
22 20
22 21
22 22
22 23
22 24
22 25
22 26
22 27
22 28
22 29
22 30
22 31
22 32
22 33
22 34
22 35
22 36
22 37
22 38
22 39
23 0
23 1
23 2
23 3
23 4
23 5
23 6
23 7
23 8
23 9
23 10
23 11
23 12
23 13
23 14
23 15
23 16
23 17
23 18
23 19
23 20
23 21
23 22
23 23
23 24
23 25
23 26
23 27
23 28
23 29
23 30
23 31
23 32
23 33
23 34
23 35
23 36
23 37
23 38
23 39
24 0
24 1
24 2
24 3
24 4
24 5
24 6
24 7
24 8
24 9
24 10
24 11
24 12
24 13
24 14
24 15
24 16
24 17
24 18
24 19
24 20
24 21
24 22
24 23
24 24
24 25
24 26
24 27
24 28
24 29
24 30
24 31
24 32
24 33
24 34
24 35
24 36
24 37
24 38
24 39
25 0
25 1
25 2
25 3
25 4
25 5
25 6
25 7
25 8
25 9
25 10
25 11
25 12
25 13
25 14
25 15
25 16
25 17
25 18
25 19
25 20
25 21
25 22
25 23
25 24
25 25
25 26
25 27
25 28
25 29
25 30
25 31
25 32
25 33
25 34
25 35
25 36
25 37
25 38
25 39
26 0
26 1
26 2
26 3
26 4
26 5
26 6
26 7
26 8
26 9
26 10
26 11
26 12
26 13
26 14
26 15
26 16
26 17
26 18
26 19
26 20
26 21
26 22
26 23
26 24
26 25
26 26
26 27
26 28
26 29
26 30
26 31
26 32
26 33
26 34
26 35
26 36
26 37
26 38
26 39
27 0
27 1
27 2
27 3
27 4
27 5
27 6
27 7
27 8
27 9
27 10
27 11
27 12
27 13
27 14
27 15
27 16
27 17
27 18
27 19
27 20
27 21
27 22
27 23
27 24
27 25
27 26
27 27
27 28
27 29
27 30
27 31
27 32
27 33
27 34
27 35
27 36
27 37
27 38
27 39
28 0
28 1
28 2
28 3
28 4
28 5
28 6
28 7
28 8
28 9
28 10
28 11
28 12
28 13
28 14
28 15
28 16
28 17
28 18
28 19
28 20
28 21
28 22
28 23
28 24
28 25
28 26
28 27
28 28
28 29
28 30
28 31
28 32
28 33
28 34
28 35
28 36
28 37
28 38
28 39
29 0
29 1
29 2
29 3
29 4
29 5
29 6
29 7
29 8
29 9
29 10
29 11
29 12
29 13
29 14
29 15
29 16
29 17
29 18
29 19
29 20
29 21
29 22
29 23
29 24
29 25
29 26
29 27
29 28
29 29
29 30
29 31
29 32
29 33
29 34
29 35
29 36
29 37
29 38
29 39
30 0
30 1
30 2
30 3
30 4
30 5
30 6
30 7
30 8
30 9
30 10
30 11
30 12
30 13
30 14
30 15
30 16
30 17
30 18
30 19
30 20
30 21
30 22
30 23
30 24
30 25
30 26
30 27
30 28
30 29
30 30
30 31
30 32
30 33
30 34
30 35
30 36
30 37
30 38
30 39
31 0
31 1
31 2
31 3
31 4
31 5
31 6
31 7
31 8
31 9
31 10
31 11
31 12
31 13
31 14
31 15
31 16
31 17
31 18
31 19
31 20
31 21
31 22
31 23
31 24
31 25
31 26
31 27
31 28
31 29
31 30
31 31
31 32
31 33
31 34
31 35
31 36
31 37
31 38
31 39
32 0
32 1
32 2
32 3
32 4
32 5
32 6
32 7
32 8
32 9
32 10
32 11
32 12
32 13
32 14
32 15
32 16
32 17
32 18
32 19
32 20
32 21
32 22
32 23
32 24
32 25
32 26
32 27
32 28
32 29
32 30
32 31
32 32
32 33
32 34
32 35
32 36
32 37
32 38
32 39
33 0
33 1
33 2
33 3
33 4
33 5
33 6
33 7
33 8
33 9
33 10
33 11
33 12
33 13
33 14
33 15
33 16
33 17
33 18
33 19
33 20
33 21
33 22
33 23
33 24
33 25
33 26
33 27
33 28
33 29
33 30
33 31
33 32
33 33
33 34
33 35
33 36
33 37
33 38
33 39
34 0
34 1
34 2
34 3
34 4
34 5
34 6
34 7
34 8
34 9
34 10
34 11
34 12
34 13
34 14
34 15
34 16
34 17
34 18
34 19
34 20
34 21
34 22
34 23
34 24
34 25
34 26
34 27
34 28
34 29
34 30
34 31
34 32
34 33
34 34
34 35
34 36
34 37
34 38
34 39
35 0
35 1
35 2
35 3
35 4
35 5
35 6
35 7
35 8
35 9
35 10
35 11
35 12
35 13
35 14
35 15
35 16
35 17
35 18
35 19
35 20
35 21
35 22
35 23
35 24
35 25
35 26
35 27
35 28
35 29
35 30
35 31
35 32
35 33
35 34
35 35
35 36
35 37
35 38
35 39
36 0
36 1
36 2
36 3
36 4
36 5
36 6
36 7
36 8
36 9
36 10
36 11
36 12
36 13
36 14
36 15
36 16
36 17
36 18
36 19
36 20
36 21
36 22
36 23
36 24
36 25
36 26
36 27
36 28
36 29
36 30
36 31
36 32
36 33
36 34
36 35
36 36
36 37
36 38
36 39
37 0
37 1
37 2
37 3
37 4
37 5
37 6
37 7
37 8
37 9
37 10
37 11
37 12
37 13
37 14
37 15
37 16
37 17
37 18
37 19
37 20
37 21
37 22
37 23
37 24
37 25
37 26
37 27
37 28
37 29
37 30
37 31
37 32
37 33
37 34
37 35
37 36
37 37
37 38
37 39
38 0
38 1
38 2
38 3
38 4
38 5
38 6
38 7
38 8
38 9
38 10
38 11
38 12
38 13
38 14
38 15
38 16
38 17
38 18
38 19
38 20
38 21
38 22
38 23
38 24
38 25
38 26
38 27
38 28
38 29
38 30
38 31
38 32
38 33
38 34
38 35
38 36
38 37
38 38
38 39
39 0
39 1
39 2
39 3
39 4
39 5
39 6
39 7
39 8
39 9
39 10
39 11
39 12
39 13
39 14
39 15
39 16
39 17
39 18
39 19
39 20
39 21
39 22
39 23
39 24
39 25
39 26
39 27
39 28
39 29
39 30
39 31
39 32
39 33
39 34
39 35
39 36
39 37
39 38
39 39
0 1
0 40
1 2
1 41
1 0
2 3
2 42
2 1
3 4
3 43
3 2
4 5
4 44
4 3
5 6
5 45
5 4
6 7
6 46
6 5
7 8
7 47
7 6
8 9
8 48
8 7
9 10
9 49
9 8
10 11
10 50
10 9
11 12
11 51
11 10
12 13
12 52
12 11
13 14
13 53
13 12
14 15
14 54
14 13
15 16
15 55
15 14
16 17
16 56
16 15
17 18
17 57
17 16
18 19
18 58
18 17
19 20
19 59
19 18
20 21
20 60
20 19
21 22
21 61
21 20
22 23
22 62
22 21
23 24
23 63
23 22
24 25
24 64
24 23
25 26
25 65
25 24
26 27
26 66
26 25
27 28
27 67
27 26
28 29
28 68
28 27
29 30
29 69
29 28
30 31
30 70
30 29
31 32
31 71
31 30
32 33
32 72
32 31
33 34
33 73
33 32
34 35
34 74
34 33
35 36
35 75
35 34
36 37
36 76
36 35
37 38
37 77
37 36
38 39
38 78
38 37
39 79
39 38
40 41
40 80
40 0
41 42
41 81
41 1
41 40
42 43
42 82
42 2
42 41
43 44
43 83
43 3
43 42
44 45
44 84
44 4
44 43
45 46
45 85
45 5
45 44
46 47
46 86
46 6
46 45
47 48
47 87
47 7
47 46
48 49
48 88
48 8
48 47
49 50
49 89
49 9
49 48
50 51
50 90
50 10
50 49
51 52
51 91
51 11
51 50
52 53
52 92
52 12
52 51
53 54
53 93
53 13
53 52
54 55
54 94
54 14
54 53
55 56
55 95
55 15
55 54
56 57
56 96
56 16
56 55
57 58
57 97
57 17
57 56
58 59
58 98
58 18
58 57
59 60
59 99
59 19
59 58
60 61
60 100
60 20
60 59
61 62
61 101
61 21
61 60
62 63
62 102
62 22
62 61
63 64
63 103
63 23
63 62
64 65
64 104
64 24
64 63
65 66
65 105
65 25
65 64
66 67
66 106
66 26
66 65
67 68
67 107
67 27
67 66
68 69
68 108
68 28
68 67
69 70
69 109
69 29
69 68
70 71
70 110
70 30
70 69
71 72
71 111
71 31
71 70
72 73
72 112
72 32
72 71
73 74
73 113
73 33
73 72
74 75
74 114
74 34
74 73
75 76
75 115
75 35
75 74
76 77
76 116
76 36
76 75
77 78
77 117
77 37
77 76
78 79
78 118
78 38
78 77
79 119
79 39
79 78
80 81
80 120
80 40
81 82
81 121
81 41
81 80
82 83
82 122
82 42
82 81
83 84
83 123
83 43
83 82
84 85
84 124
84 44
84 83
85 86
85 125
85 45
85 84
86 87
86 126
86 46
86 85
87 88
87 127
87 47
87 86
88 89
88 128
88 48
88 87
89 90
89 129
89 49
89 88
90 91
90 130
90 50
90 89
91 92
91 131
91 51
91 90
92 93
92 132
92 52
92 91
93 94
93 133
93 53
93 92
94 95
94 134
94 54
94 93
95 96
95 135
95 55
95 94
96 97
96 136
96 56
96 95
97 98
97 137
97 57
97 96
98 99
98 138
98 58
98 97
99 100
99 139
99 59
99 98
100 101
100 140
100 60
100 99
101 102
101 141
101 61
101 100
102 103
102 142
102 62
102 101
103 104
103 143
103 63
103 102
104 105
104 144
104 64
104 103
105 106
105 145
105 65
105 104
106 107
106 146
106 66
106 105
107 108
107 147
107 67
107 106
108 109
108 148
108 68
108 107
109 110
109 149
109 69
109 108
110 111
110 150
110 70
110 109
111 112
111 151
111 71
111 110
112 113
112 152
112 72
112 111
113 114
113 153
113 73
113 112
114 115
114 154
114 74
114 113
115 116
115 155
115 75
115 114
116 117
116 156
116 76
116 115
117 118
117 157
117 77
117 116
118 119
118 158
118 78
118 117
119 159
119 79
119 118
120 121
120 160
120 80
121 122
121 161
121 81
121 120
122 123
122 162
122 82
122 121
123 124
123 163
123 83
123 122
124 125
124 164
124 84
124 123
125 126
125 165
125 85
125 124
126 127
126 166
126 86
126 125
127 128
127 167
127 87
127 126
128 129
128 168
128 88
128 127
129 130
129 169
129 89
129 128
130 131
130 170
130 90
130 129
131 132
131 171
131 91
131 130
132 133
132 172
132 92
132 131
133 134
133 173
133 93
133 132
134 135
134 174
134 94
134 133
135 136
135 175
135 95
135 134
136 137
136 176
136 96
136 135
137 138
137 177
137 97
137 136
138 139
138 178
138 98
138 137
139 140
139 179
139 99
139 138
140 141
140 180
140 100
140 139
141 142
141 181
141 101
141 140
142 143
142 182
142 102
142 141
143 144
143 183
143 103
143 142
144 145
144 184
144 104
144 143
145 146
145 185
145 105
145 144
146 147
146 186
146 106
146 145
147 148
147 187
147 107
147 146
148 149
148 188
148 108
148 147
149 150
149 189
149 109
149 148
150 151
150 190
150 110
150 149
151 152
151 191
151 111
151 150
152 153
152 192
152 112
152 151
153 154
153 193
153 113
153 152
154 155
154 194
154 114
154 153
155 156
155 195
155 115
155 154
156 157
156 196
156 116
156 155
157 158
157 197
157 117
157 156
158 159
158 198
158 118
158 157
159 199
159 119
159 158
160 161
160 200
160 120
161 162
161 201
161 121
161 160
162 163
162 202
162 122
162 161
163 164
163 203
163 123
163 162
164 165
164 204
164 124
164 163
165 166
165 205
165 125
165 164
166 167
166 206
166 126
166 165
167 168
167 207
167 127
167 166
168 169
168 208
168 128
168 167
169 170
169 209
169 129
169 168
170 171
170 210
170 130
170 169
171 172
171 211
171 131
171 170
172 173
172 212
172 132
172 171
173 174
173 213
173 133
173 172
174 175
174 214
174 134
174 173
175 176
175 215
175 135
175 174
176 177
176 216
176 136
176 175
177 178
177 217
177 137
177 176
178 179
178 218
178 138
178 177
179 180
179 219
179 139
179 178
180 181
180 220
180 140
180 179
181 182
181 221
181 141
181 180
182 183
182 222
182 142
182 181
183 184
183 223
183 143
183 182
184 185
184 224
184 144
184 183
185 186
185 225
185 145
185 184
186 187
186 226
186 146
186 185
187 188
187 227
187 147
187 186
188 189
188 228
188 148
188 187
189 190
189 229
189 149
189 188
190 191
190 230
190 150
190 189
191 192
191 231
191 151
191 190
192 193
192 232
192 152
192 191
193 194
193 233
193 153
193 192
194 195
194 234
194 154
194 193
195 196
195 235
195 155
195 194
196 197
196 236
196 156
196 195
197 198
197 237
197 157
197 196
198 199
198 238
198 158
198 197
199 239
199 159
199 198
200 201
200 240
200 160
201 202
201 241
201 161
201 200
202 203
202 242
202 162
202 201
203 204
203 243
203 163
203 202
204 205
204 244
204 164
204 203
205 206
205 245
205 165
205 204
206 207
206 246
206 166
206 205
207 208
207 247
207 167
207 206
208 209
208 248
208 168
208 207
209 210
209 249
209 169
209 208
210 211
210 250
210 170
210 209
211 212
211 251
211 171
211 210
212 213
212 252
212 172
212 211
213 214
213 253
213 173
213 212
214 215
214 254
214 174
214 213
215 216
215 255
215 175
215 214
216 217
216 256
216 176
216 215
217 218
217 257
217 177
217 216
218 219
218 258
218 178
218 217
219 220
219 259
219 179
219 218
220 221
220 260
220 180
220 219
221 222
221 261
221 181
221 220
222 223
222 262
222 182
222 221
223 224
223 263
223 183
223 222
224 225
224 264
224 184
224 223
225 226
225 265
225 185
225 224
226 227
226 266
226 186
226 225
227 228
227 267
227 187
227 226
228 229
228 268
228 188
228 227
229 230
229 269
229 189
229 228
230 231
230 270
230 190
230 229
231 232
231 271
231 191
231 230
232 233
232 272
232 192
232 231
233 234
233 273
233 193
233 232
234 235
234 274
234 194
234 233
235 236
235 275
235 195
235 234
236 237
236 276
236 196
236 235
237 238
237 277
237 197
237 236
238 239
238 278
238 198
238 237
239 279
239 199
239 238
240 241
240 280
240 200
241 242
241 281
241 201
241 240
242 243
242 282
242 202
242 241
243 244
243 283
243 203
243 242
244 245
244 284
244 204
244 243
245 246
245 285
245 205
245 244
246 247
246 286
246 206
246 245
247 248
247 287
247 207
247 246
248 249
248 288
248 208
248 247
249 250
249 289
249 209
249 248
250 251
250 290
250 210
250 249
251 252
251 291
251 211
251 250
252 253
252 292
252 212
252 251
253 254
253 293
253 213
253 252
254 255
254 294
254 214
254 253
255 256
255 295
255 215
255 254
256 257
256 296
256 216
256 255
257 258
257 297
257 217
257 256
258 259
258 298
258 218
258 257
259 260
259 299
259 219
259 258
260 261
260 300
260 220
260 259
261 262
261 301
261 221
261 260
262 263
262 302
262 222
262 261
263 264
263 303
263 223
263 262
264 265
264 304
264 224
264 263
265 266
265 305
265 225
265 264
266 267
266 306
266 226
266 265
267 268
267 307
267 227
267 266
268 269
268 308
268 228
268 267
269 270
269 309
269 229
269 268
270 271
270 310
270 230
270 269
271 272
271 311
271 231
271 270
272 273
272 312
272 232
272 271
273 274
273 313
273 233
273 272
274 275
274 314
274 234
274 273
275 276
275 315
275 235
275 274
276 277
276 316
276 236
276 275
277 278
277 317
277 237
277 276
278 279
278 318
278 238
278 277
279 319
279 239
279 278
280 281
280 320
280 240
281 282
281 321
281 241
281 280
282 283
282 322
282 242
282 281
283 284
283 323
283 243
283 282
284 285
284 324
284 244
284 283
285 286
285 325
285 245
285 284
286 287
286 326
286 246
286 285
287 288
287 327
287 247
287 286
288 289
288 328
288 248
288 287
289 290
289 329
289 249
289 288
290 291
290 330
290 250
290 289
291 292
291 331
291 251
291 290
292 293
292 332
292 252
292 291
293 294
293 333
293 253
293 292
294 295
294 334
294 254
294 293
295 296
295 335
295 255
295 294
296 297
296 336
296 256
296 295
297 298
297 337
297 257
297 296
298 299
298 338
298 258
298 297
299 300
299 339
299 259
299 298
300 301
300 340
300 260
300 299
301 302
301 341
301 261
301 300
302 303
302 342
302 262
302 301
303 304
303 343
303 263
303 302
304 305
304 344
304 264
304 303
305 306
305 345
305 265
305 304
306 307
306 346
306 266
306 305
307 308
307 347
307 267
307 306
308 309
308 348
308 268
308 307
309 310
309 349
309 269
309 308
310 311
310 350
310 270
310 309
311 312
311 351
311 271
311 310
312 313
312 352
312 272
312 311
313 314
313 353
313 273
313 312
314 315
314 354
314 274
314 313
315 316
315 355
315 275
315 314
316 317
316 356
316 276
316 315
317 318
317 357
317 277
317 316
318 319
318 358
318 278
318 317
319 359
319 279
319 318
320 321
320 360
320 280
321 322
321 361
321 281
321 320
322 323
322 362
322 282
322 321
323 324
323 363
323 283
323 322
324 325
324 364
324 284
324 323
325 326
325 365
325 285
325 324
326 327
326 366
326 286
326 325
327 328
327 367
327 287
327 326
328 329
328 368
328 288
328 327
329 330
329 369
329 289
329 328
330 331
330 370
330 290
330 329
331 332
331 371
331 291
331 330
332 333
332 372
332 292
332 331
333 334
333 373
333 293
333 332
334 335
334 374
334 294
334 333
335 336
335 375
335 295
335 334
336 337
336 376
336 296
336 335
337 338
337 377
337 297
337 336
338 339
338 378
338 298
338 337
339 340
339 379
339 299
339 338
340 341
340 380
340 300
340 339
341 342
341 381
341 301
341 340
342 343
342 382
342 302
342 341
343 344
343 383
343 303
343 342
344 345
344 384
344 304
344 343
345 346
345 385
345 305
345 344
346 347
346 386
346 306
346 345
347 348
347 387
347 307
347 346
348 349
348 388
348 308
348 347
349 350
349 389
349 309
349 348
350 351
350 390
350 310
350 349
351 352
351 391
351 311
351 350
352 353
352 392
352 312
352 351
353 354
353 393
353 313
353 352
354 355
354 394
354 314
354 353
355 356
355 395
355 315
355 354
356 357
356 396
356 316
356 355
357 358
357 397
357 317
357 356
358 359
358 398
358 318
358 357
359 399
359 319
359 358
360 361
360 400
360 320
361 362
361 401
361 321
361 360
362 363
362 402
362 322
362 361
363 364
363 403
363 323
363 362
364 365
364 404
364 324
364 363
365 366
365 405
365 325
365 364
366 367
366 406
366 326
366 365
367 368
367 407
367 327
367 366
368 369
368 408
368 328
368 367
369 370
369 409
369 329
369 368
370 371
370 410
370 330
370 369
371 372
371 411
371 331
371 370
372 373
372 412
372 332
372 371
373 374
373 413
373 333
373 372
374 375
374 414
374 334
374 373
375 376
375 415
375 335
375 374
376 377
376 416
376 336
376 375
377 378
377 417
377 337
377 376
378 379
378 418
378 338
378 377
379 380
379 419
379 339
379 378
380 381
380 420
380 340
380 379
381 382
381 421
381 341
381 380
382 383
382 422
382 342
382 381
383 384
383 423
383 343
383 382
384 385
384 424
384 344
384 383
385 386
385 425
385 345
385 384
386 387
386 426
386 346
386 385
387 388
387 427
387 347
387 386
388 389
388 428
388 348
388 387
389 390
389 429
389 349
389 388
390 391
390 430
390 350
390 389
391 392
391 431
391 351
391 390
392 393
392 432
392 352
392 391
393 394
393 433
393 353
393 392
394 395
394 434
394 354
394 393
395 396
395 435
395 355
395 394
396 397
396 436
396 356
396 395
397 398
397 437
397 357
397 396
398 399
398 438
398 358
398 397
399 439
399 359
399 398
400 401
400 440
400 360
401 402
401 441
401 361
401 400
402 403
402 442
402 362
402 401
403 404
403 443
403 363
403 402
404 405
404 444
404 364
404 403
405 406
405 445
405 365
405 404
406 407
406 446
406 366
406 405
407 408
407 447
407 367
407 406
408 409
408 448
408 368
408 407
409 410
409 449
409 369
409 408
410 411
410 450
410 370
410 409
411 412
411 451
411 371
411 410
412 413
412 452
412 372
412 411
413 414
413 453
413 373
413 412
414 415
414 454
414 374
414 413
415 416
415 455
415 375
415 414
416 417
416 456
416 376
416 415
417 418
417 457
417 377
417 416
418 419
418 458
418 378
418 417
419 420
419 459
419 379
419 418
420 421
420 460
420 380
420 419
421 422
421 461
421 381
421 420
422 423
422 462
422 382
422 421
423 424
423 463
423 383
423 422
424 425
424 464
424 384
424 423
425 426
425 465
425 385
425 424
426 427
426 466
426 386
426 425
427 428
427 467
427 387
427 426
428 429
428 468
428 388
428 427
429 430
429 469
429 389
429 428
430 431
430 470
430 390
430 429
431 432
431 471
431 391
431 430
432 433
432 472
432 392
432 431
433 434
433 473
433 393
433 432
434 435
434 474
434 394
434 433
435 436
435 475
435 395
435 434
436 437
436 476
436 396
436 435
437 438
437 477
437 397
437 436
438 439
438 478
438 398
438 437
439 479
439 399
439 438
440 441
440 480
440 400
441 442
441 481
441 401
441 440
442 443
442 482
442 402
442 441
443 444
443 483
443 403
443 442
444 445
444 484
444 404
444 443
445 446
445 485
445 405
445 444
446 447
446 486
446 406
446 445
447 448
447 487
447 407
447 446
448 449
448 488
448 408
448 447
449 450
449 489
449 409
449 448
450 451
450 490
450 410
450 449
451 452
451 491
451 411
451 450
452 453
452 492
452 412
452 451
453 454
453 493
453 413
453 452
454 455
454 494
454 414
454 453
455 456
455 495
455 415
455 454
456 457
456 496
456 416
456 455
457 458
457 497
457 417
457 456
458 459
458 498
458 418
458 457
459 460
459 499
459 419
459 458
460 461
460 500
460 420
460 459
461 462
461 501
461 421
461 460
462 463
462 502
462 422
462 461
463 464
463 503
463 423
463 462
464 465
464 504
464 424
464 463
465 466
465 505
465 425
465 464
466 467
466 506
466 426
466 465
467 468
467 507
467 427
467 466
468 469
468 508
468 428
468 467
469 470
469 509
469 429
469 468
470 471
470 510
470 430
470 469
471 472
471 511
471 431
471 470
472 473
472 512
472 432
472 471
473 474
473 513
473 433
473 472
474 475
474 514
474 434
474 473
475 476
475 515
475 435
475 474
476 477
476 516
476 436
476 475
477 478
477 517
477 437
477 476
478 479
478 518
478 438
478 477
479 519
479 439
479 478
480 481
480 520
480 440
481 482
481 521
481 441
481 480
482 483
482 522
482 442
482 481
483 484
483 523
483 443
483 482
484 485
484 524
484 444
484 483
485 486
485 525
485 445
485 484
486 487
486 526
486 446
486 485
487 488
487 527
487 447
487 486
488 489
488 528
488 448
488 487
489 490
489 529
489 449
489 488
490 491
490 530
490 450
490 489
491 492
491 531
491 451
491 490
492 493
492 532
492 452
492 491
493 494
493 533
493 453
493 492
494 495
494 534
494 454
494 493
495 496
495 535
495 455
495 494
496 497
496 536
496 456
496 495
497 498
497 537
497 457
497 496
498 499
498 538
498 458
498 497
499 500
499 539
499 459
499 498
500 501
500 540
500 460
500 499
501 502
501 541
501 461
501 500
502 503
502 542
502 462
502 501
503 504
503 543
503 463
503 502
504 505
504 544
504 464
504 503
505 506
505 545
505 465
505 504
506 507
506 546
506 466
506 505
507 508
507 547
507 467
507 506
508 509
508 548
508 468
508 507
509 510
509 549
509 469
509 508
510 511
510 550
510 470
510 509
511 512
511 551
511 471
511 510
512 513
512 552
512 472
512 511
513 514
513 553
513 473
513 512
514 515
514 554
514 474
514 513
515 516
515 555
515 475
515 514
516 517
516 556
516 476
516 515
517 518
517 557
517 477
517 516
518 519
518 558
518 478
518 517
519 559
519 479
519 518
520 521
520 560
520 480
521 522
521 561
521 481
521 520
522 523
522 562
522 482
522 521
523 524
523 563
523 483
523 522
524 525
524 564
524 484
524 523
525 526
525 565
525 485
525 524
526 527
526 566
526 486
526 525
527 528
527 567
527 487
527 526
528 529
528 568
528 488
528 527
529 530
529 569
529 489
529 528
530 531
530 570
530 490
530 529
531 532
531 571
531 491
531 530
532 533
532 572
532 492
532 531
533 534
533 573
533 493
533 532
534 535
534 574
534 494
534 533
535 536
535 575
535 495
535 534
536 537
536 576
536 496
536 535
537 538
537 577
537 497
537 536
538 539
538 578
538 498
538 537
539 540
539 579
539 499
539 538
540 541
540 580
540 500
540 539
541 542
541 581
541 501
541 540
542 543
542 582
542 502
542 541
543 544
543 583
543 503
543 542
544 545
544 584
544 504
544 543
545 546
545 585
545 505
545 544
546 547
546 586
546 506
546 545
547 548
547 587
547 507
547 546
548 549
548 588
548 508
548 547
549 550
549 589
549 509
549 548
550 551
550 590
550 510
550 549
551 552
551 591
551 511
551 550
552 553
552 592
552 512
552 551
553 554
553 593
553 513
553 552
554 555
554 594
554 514
554 553
555 556
555 595
555 515
555 554
556 557
556 596
556 516
556 555
557 558
557 597
557 517
557 556
558 559
558 598
558 518
558 557
559 599
559 519
559 558
560 561
560 600
560 520
561 562
561 601
561 521
561 560
562 563
562 602
562 522
562 561
563 564
563 603
563 523
563 562
564 565
564 604
564 524
564 563
565 566
565 605
565 525
565 564
566 567
566 606
566 526
566 565
567 568
567 607
567 527
567 566
568 569
568 608
568 528
568 567
569 570
569 609
569 529
569 568
570 571
570 610
570 530
570 569
571 572
571 611
571 531
571 570
572 573
572 612
572 532
572 571
573 574
573 613
573 533
573 572
574 575
574 614
574 534
574 573
575 576
575 615
575 535
575 574
576 577
576 616
576 536
576 575
577 578
577 617
577 537
577 576
578 579
578 618
578 538
578 577
579 580
579 619
579 539
579 578
580 581
580 620
580 540
580 579
581 582
581 621
581 541
581 580
582 583
582 622
582 542
582 581
583 584
583 623
583 543
583 582
584 585
584 624
584 544
584 583
585 586
585 625
585 545
585 584
586 587
586 626
586 546
586 585
587 588
587 627
587 547
587 586
588 589
588 628
588 548
588 587
589 590
589 629
589 549
589 588
590 591
590 630
590 550
590 589
591 592
591 631
591 551
591 590
592 593
592 632
592 552
592 591
593 594
593 633
593 553
593 592
594 595
594 634
594 554
594 593
595 596
595 635
595 555
595 594
596 597
596 636
596 556
596 595
597 598
597 637
597 557
597 596
598 599
598 638
598 558
598 597
599 639
599 559
599 598
600 601
600 640
600 560
601 602
601 641
601 561
601 600
602 603
602 642
602 562
602 601
603 604
603 643
603 563
603 602
604 605
604 644
604 564
604 603
605 606
605 645
605 565
605 604
606 607
606 646
606 566
606 605
607 608
607 647
607 567
607 606
608 609
608 648
608 568
608 607
609 610
609 649
609 569
609 608
610 611
610 650
610 570
610 609
611 612
611 651
611 571
611 610
612 613
612 652
612 572
612 611
613 614
613 653
613 573
613 612
614 615
614 654
614 574
614 613
615 616
615 655
615 575
615 614
616 617
616 656
616 576
616 615
617 618
617 657
617 577
617 616
618 619
618 658
618 578
618 617
619 620
619 659
619 579
619 618
620 621
620 660
620 580
620 619
621 622
621 661
621 581
621 620
622 623
622 662
622 582
622 621
623 624
623 663
623 583
623 622
624 625
624 664
624 584
624 623
625 626
625 665
625 585
625 624
626 627
626 666
626 586
626 625
627 628
627 667
627 587
627 626
628 629
628 668
628 588
628 627
629 630
629 669
629 589
629 628
630 631
630 670
630 590
630 629
631 632
631 671
631 591
631 630
632 633
632 672
632 592
632 631
633 634
633 673
633 593
633 632
634 635
634 674
634 594
634 633
635 636
635 675
635 595
635 634
636 637
636 676
636 596
636 635
637 638
637 677
637 597
637 636
638 639
638 678
638 598
638 637
639 679
639 599
639 638
640 641
640 680
640 600
641 642
641 681
641 601
641 640
642 643
642 682
642 602
642 641
643 644
643 683
643 603
643 642
644 645
644 684
644 604
644 643
645 646
645 685
645 605
645 644
646 647
646 686
646 606
646 645
647 648
647 687
647 607
647 646
648 649
648 688
648 608
648 647
649 650
649 689
649 609
649 648
650 651
650 690
650 610
650 649
651 652
651 691
651 611
651 650
652 653
652 692
652 612
652 651
653 654
653 693
653 613
653 652
654 655
654 694
654 614
654 653
655 656
655 695
655 615
655 654
656 657
656 696
656 616
656 655
657 658
657 697
657 617
657 656
658 659
658 698
658 618
658 657
659 660
659 699
659 619
659 658
660 661
660 700
660 620
660 659
661 662
661 701
661 621
661 660
662 663
662 702
662 622
662 661
663 664
663 703
663 623
663 662
664 665
664 704
664 624
664 663
665 666
665 705
665 625
665 664
666 667
666 706
666 626
666 665
667 668
667 707
667 627
667 666
668 669
668 708
668 628
668 667
669 670
669 709
669 629
669 668
670 671
670 710
670 630
670 669
671 672
671 711
671 631
671 670
672 673
672 712
672 632
672 671
673 674
673 713
673 633
673 672
674 675
674 714
674 634
674 673
675 676
675 715
675 635
675 674
676 677
676 716
676 636
676 675
677 678
677 717
677 637
677 676
678 679
678 718
678 638
678 677
679 719
679 639
679 678
680 681
680 720
680 640
681 682
681 721
681 641
681 680
682 683
682 722
682 642
682 681
683 684
683 723
683 643
683 682
684 685
684 724
684 644
684 683
685 686
685 725
685 645
685 684
686 687
686 726
686 646
686 685
687 688
687 727
687 647
687 686
688 689
688 728
688 648
688 687
689 690
689 729
689 649
689 688
690 691
690 730
690 650
690 689
691 692
691 731
691 651
691 690
692 693
692 732
692 652
692 691
693 694
693 733
693 653
693 692
694 695
694 734
694 654
694 693
695 696
695 735
695 655
695 694
696 697
696 736
696 656
696 695
697 698
697 737
697 657
697 696
698 699
698 738
698 658
698 697
699 700
699 739
699 659
699 698
700 701
700 740
700 660
700 699
701 702
701 741
701 661
701 700
702 703
702 742
702 662
702 701
703 704
703 743
703 663
703 702
704 705
704 744
704 664
704 703
705 706
705 745
705 665
705 704
706 707
706 746
706 666
706 705
707 708
707 747
707 667
707 706
708 709
708 748
708 668
708 707
709 710
709 749
709 669
709 708
710 711
710 750
710 670
710 709
711 712
711 751
711 671
711 710
712 713
712 752
712 672
712 711
713 714
713 753
713 673
713 712
714 715
714 754
714 674
714 713
715 716
715 755
715 675
715 714
716 717
716 756
716 676
716 715
717 718
717 757
717 677
717 716
718 719
718 758
718 678
718 717
719 759
719 679
719 718
720 721
720 760
720 680
721 722
721 761
721 681
721 720
722 723
722 762
722 682
722 721
723 724
723 763
723 683
723 722
724 725
724 764
724 684
724 723
725 726
725 765
725 685
725 724
726 727
726 766
726 686
726 725
727 728
727 767
727 687
727 726
728 729
728 768
728 688
728 727
729 730
729 769
729 689
729 728
730 731
730 770
730 690
730 729
731 732
731 771
731 691
731 730
732 733
732 772
732 692
732 731
733 734
733 773
733 693
733 732
734 735
734 774
734 694
734 733
735 736
735 775
735 695
735 734
736 737
736 776
736 696
736 735
737 738
737 777
737 697
737 736
738 739
738 778
738 698
738 737
739 740
739 779
739 699
739 738
740 741
740 780
740 700
740 739
741 742
741 781
741 701
741 740
742 743
742 782
742 702
742 741
743 744
743 783
743 703
743 742
744 745
744 784
744 704
744 743
745 746
745 785
745 705
745 744
746 747
746 786
746 706
746 745
747 748
747 787
747 707
747 746
748 749
748 788
748 708
748 747
749 750
749 789
749 709
749 748
750 751
750 790
750 710
750 749
751 752
751 791
751 711
751 750
752 753
752 792
752 712
752 751
753 754
753 793
753 713
753 752
754 755
754 794
754 714
754 753
755 756
755 795
755 715
755 754
756 757
756 796
756 716
756 755
757 758
757 797
757 717
757 756
758 759
758 798
758 718
758 757
759 799
759 719
759 758
760 761
760 800
760 720
761 762
761 801
761 721
761 760
762 763
762 802
762 722
762 761
763 764
763 803
763 723
763 762
764 765
764 804
764 724
764 763
765 766
765 805
765 725
765 764
766 767
766 806
766 726
766 765
767 768
767 807
767 727
767 766
768 769
768 808
768 728
768 767
769 770
769 809
769 729
769 768
770 771
770 810
770 730
770 769
771 772
771 811
771 731
771 770
772 773
772 812
772 732
772 771
773 774
773 813
773 733
773 772
774 775
774 814
774 734
774 773
775 776
775 815
775 735
775 774
776 777
776 816
776 736
776 775
777 778
777 817
777 737
777 776
778 779
778 818
778 738
778 777
779 780
779 819
779 739
779 778
780 781
780 820
780 740
780 779
781 782
781 821
781 741
781 780
782 783
782 822
782 742
782 781
783 784
783 823
783 743
783 782
784 785
784 824
784 744
784 783
785 786
785 825
785 745
785 784
786 787
786 826
786 746
786 785
787 788
787 827
787 747
787 786
788 789
788 828
788 748
788 787
789 790
789 829
789 749
789 788
790 791
790 830
790 750
790 789
791 792
791 831
791 751
791 790
792 793
792 832
792 752
792 791
793 794
793 833
793 753
793 792
794 795
794 834
794 754
794 793
795 796
795 835
795 755
795 794
796 797
796 836
796 756
796 795
797 798
797 837
797 757
797 796
798 799
798 838
798 758
798 797
799 839
799 759
799 798
800 801
800 840
800 760
801 802
801 841
801 761
801 800
802 803
802 842
802 762
802 801
803 804
803 843
803 763
803 802
804 805
804 844
804 764
804 803
805 806
805 845
805 765
805 804
806 807
806 846
806 766
806 805
807 808
807 847
807 767
807 806
808 809
808 848
808 768
808 807
809 810
809 849
809 769
809 808
810 811
810 850
810 770
810 809
811 812
811 851
811 771
811 810
812 813
812 852
812 772
812 811
813 814
813 853
813 773
813 812
814 815
814 854
814 774
814 813
815 816
815 855
815 775
815 814
816 817
816 856
816 776
816 815
817 818
817 857
817 777
817 816
818 819
818 858
818 778
818 817
819 820
819 859
819 779
819 818
820 821
820 860
820 780
820 819
821 822
821 861
821 781
821 820
822 823
822 862
822 782
822 821
823 824
823 863
823 783
823 822
824 825
824 864
824 784
824 823
825 826
825 865
825 785
825 824
826 827
826 866
826 786
826 825
827 828
827 867
827 787
827 826
828 829
828 868
828 788
828 827
829 830
829 869
829 789
829 828
830 831
830 870
830 790
830 829
831 832
831 871
831 791
831 830
832 833
832 872
832 792
832 831
833 834
833 873
833 793
833 832
834 835
834 874
834 794
834 833
835 836
835 875
835 795
835 834
836 837
836 876
836 796
836 835
837 838
837 877
837 797
837 836
838 839
838 878
838 798
838 837
839 879
839 799
839 838
840 841
840 880
840 800
841 842
841 881
841 801
841 840
842 843
842 882
842 802
842 841
843 844
843 883
843 803
843 842
844 845
844 884
844 804
844 843
845 846
845 885
845 805
845 844
846 847
846 886
846 806
846 845
847 848
847 887
847 807
847 846
848 849
848 888
848 808
848 847
849 850
849 889
849 809
849 848
850 851
850 890
850 810
850 849
851 852
851 891
851 811
851 850
852 853
852 892
852 812
852 851
853 854
853 893
853 813
853 852
854 855
854 894
854 814
854 853
855 856
855 895
855 815
855 854
856 857
856 896
856 816
856 855
857 858
857 897
857 817
857 856
858 859
858 898
858 818
858 857
859 860
859 899
859 819
859 858
860 861
860 900
860 820
860 859
861 862
861 901
861 821
861 860
862 863
862 902
862 822
862 861
863 864
863 903
863 823
863 862
864 865
864 904
864 824
864 863
865 866
865 905
865 825
865 864
866 867
866 906
866 826
866 865
867 868
867 907
867 827
867 866
868 869
868 908
868 828
868 867
869 870
869 909
869 829
869 868
870 871
870 910
870 830
870 869
871 872
871 911
871 831
871 870
872 873
872 912
872 832
872 871
873 874
873 913
873 833
873 872
874 875
874 914
874 834
874 873
875 876
875 915
875 835
875 874
876 877
876 916
876 836
876 875
877 878
877 917
877 837
877 876
878 879
878 918
878 838
878 877
879 919
879 839
879 878
880 881
880 920
880 840
881 882
881 921
881 841
881 880
882 883
882 922
882 842
882 881
883 884
883 923
883 843
883 882
884 885
884 924
884 844
884 883
885 886
885 925
885 845
885 884
886 887
886 926
886 846
886 885
887 888
887 927
887 847
887 886
888 889
888 928
888 848
888 887
889 890
889 929
889 849
889 888
890 891
890 930
890 850
890 889
891 892
891 931
891 851
891 890
892 893
892 932
892 852
892 891
893 894
893 933
893 853
893 892
894 895
894 934
894 854
894 893
895 896
895 935
895 855
895 894
896 897
896 936
896 856
896 895
897 898
897 937
897 857
897 896
898 899
898 938
898 858
898 897
899 900
899 939
899 859
899 898
900 901
900 940
900 860
900 899
901 902
901 941
901 861
901 900
902 903
902 942
902 862
902 901
903 904
903 943
903 863
903 902
904 905
904 944
904 864
904 903
905 906
905 945
905 865
905 904
906 907
906 946
906 866
906 905
907 908
907 947
907 867
907 906
908 909
908 948
908 868
908 907
909 910
909 949
909 869
909 908
910 911
910 950
910 870
910 909
911 912
911 951
911 871
911 910
912 913
912 952
912 872
912 911
913 914
913 953
913 873
913 912
914 915
914 954
914 874
914 913
915 916
915 955
915 875
915 914
916 917
916 956
916 876
916 915
917 918
917 957
917 877
917 916
918 919
918 958
918 878
918 917
919 959
919 879
919 918
920 921
920 960
920 880
921 922
921 961
921 881
921 920
922 923
922 962
922 882
922 921
923 924
923 963
923 883
923 922
924 925
924 964
924 884
924 923
925 926
925 965
925 885
925 924
926 927
926 966
926 886
926 925
927 928
927 967
927 887
927 926
928 929
928 968
928 888
928 927
929 930
929 969
929 889
929 928
930 931
930 970
930 890
930 929
931 932
931 971
931 891
931 930
932 933
932 972
932 892
932 931
933 934
933 973
933 893
933 932
934 935
934 974
934 894
934 933
935 936
935 975
935 895
935 934
936 937
936 976
936 896
936 935
937 938
937 977
937 897
937 936
938 939
938 978
938 898
938 937
939 940
939 979
939 899
939 938
940 941
940 980
940 900
940 939
941 942
941 981
941 901
941 940
942 943
942 982
942 902
942 941
943 944
943 983
943 903
943 942
944 945
944 984
944 904
944 943
945 946
945 985
945 905
945 944
946 947
946 986
946 906
946 945
947 948
947 987
947 907
947 946
948 949
948 988
948 908
948 947
949 950
949 989
949 909
949 948
950 951
950 990
950 910
950 949
951 952
951 991
951 911
951 950
952 953
952 992
952 912
952 951
953 954
953 993
953 913
953 952
954 955
954 994
954 914
954 953
955 956
955 995
955 915
955 954
956 957
956 996
956 916
956 955
957 958
957 997
957 917
957 956
958 959
958 998
958 918
958 957
959 999
959 919
959 958
960 961
960 1000
960 920
961 962
961 1001
961 921
961 960
962 963
962 1002
962 922
962 961
963 964
963 1003
963 923
963 962
964 965
964 1004
964 924
964 963
965 966
965 1005
965 925
965 964
966 967
966 1006
966 926
966 965
967 968
967 1007
967 927
967 966
968 969
968 1008
968 928
968 967
969 970
969 1009
969 929
969 968
970 971
970 1010
970 930
970 969
971 972
971 1011
971 931
971 970
972 973
972 1012
972 932
972 971
973 974
973 1013
973 933
973 972
974 975
974 1014
974 934
974 973
975 976
975 1015
975 935
975 974
976 977
976 1016
976 936
976 975
977 978
977 1017
977 937
977 976
978 979
978 1018
978 938
978 977
979 980
979 1019
979 939
979 978
980 981
980 1020
980 940
980 979
981 982
981 1021
981 941
981 980
982 983
982 1022
982 942
982 981
983 984
983 1023
983 943
983 982
984 985
984 1024
984 944
984 983
985 986
985 1025
985 945
985 984
986 987
986 1026
986 946
986 985
987 988
987 1027
987 947
987 986
988 989
988 1028
988 948
988 987
989 990
989 1029
989 949
989 988
990 991
990 1030
990 950
990 989
991 992
991 1031
991 951
991 990
992 993
992 1032
992 952
992 991
993 994
993 1033
993 953
993 992
994 995
994 1034
994 954
994 993
995 996
995 1035
995 955
995 994
996 997
996 1036
996 956
996 995
997 998
997 1037
997 957
997 996
998 999
998 1038
998 958
998 997
999 1039
999 959
999 998
1000 1001
1000 1040
1000 960
1001 1002
1001 1041
1001 961
1001 1000
1002 1003
1002 1042
1002 962
1002 1001
1003 1004
1003 1043
1003 963
1003 1002
1004 1005
1004 1044
1004 964
1004 1003
1005 1006
1005 1045
1005 965
1005 1004
1006 1007
1006 1046
1006 966
1006 1005
1007 1008
1007 1047
1007 967
1007 1006
1008 1009
1008 1048
1008 968
1008 1007
1009 1010
1009 1049
1009 969
1009 1008
1010 1011
1010 1050
1010 970
1010 1009
1011 1012
1011 1051
1011 971
1011 1010
1012 1013
1012 1052
1012 972
1012 1011
1013 1014
1013 1053
1013 973
1013 1012
1014 1015
1014 1054
1014 974
1014 1013
1015 1016
1015 1055
1015 975
1015 1014
1016 1017
1016 1056
1016 976
1016 1015
1017 1018
1017 1057
1017 977
1017 1016
1018 1019
1018 1058
1018 978
1018 1017
1019 1020
1019 1059
1019 979
1019 1018
1020 1021
1020 1060
1020 980
1020 1019
1021 1022
1021 1061
1021 981
1021 1020
1022 1023
1022 1062
1022 982
1022 1021
1023 1024
1023 1063
1023 983
1023 1022
1024 1025
1024 1064
1024 984
1024 1023
1025 1026
1025 1065
1025 985
1025 1024
1026 1027
1026 1066
1026 986
1026 1025
1027 1028
1027 1067
1027 987
1027 1026
1028 1029
1028 1068
1028 988
1028 1027
1029 1030
1029 1069
1029 989
1029 1028
1030 1031
1030 1070
1030 990
1030 1029
1031 1032
1031 1071
1031 991
1031 1030
1032 1033
1032 1072
1032 992
1032 1031
1033 1034
1033 1073
1033 993
1033 1032
1034 1035
1034 1074
1034 994
1034 1033
1035 1036
1035 1075
1035 995
1035 1034
1036 1037
1036 1076
1036 996
1036 1035
1037 1038
1037 1077
1037 997
1037 1036
1038 1039
1038 1078
1038 998
1038 1037
1039 1079
1039 999
1039 1038
1040 1041
1040 1080
1040 1000
1041 1042
1041 1081
1041 1001
1041 1040
1042 1043
1042 1082
1042 1002
1042 1041
1043 1044
1043 1083
1043 1003
1043 1042
1044 1045
1044 1084
1044 1004
1044 1043
1045 1046
1045 1085
1045 1005
1045 1044
1046 1047
1046 1086
1046 1006
1046 1045
1047 1048
1047 1087
1047 1007
1047 1046
1048 1049
1048 1088
1048 1008
1048 1047
1049 1050
1049 1089
1049 1009
1049 1048
1050 1051
1050 1090
1050 1010
1050 1049
1051 1052
1051 1091
1051 1011
1051 1050
1052 1053
1052 1092
1052 1012
1052 1051
1053 1054
1053 1093
1053 1013
1053 1052
1054 1055
1054 1094
1054 1014
1054 1053
1055 1056
1055 1095
1055 1015
1055 1054
1056 1057
1056 1096
1056 1016
1056 1055
1057 1058
1057 1097
1057 1017
1057 1056
1058 1059
1058 1098
1058 1018
1058 1057
1059 1060
1059 1099
1059 1019
1059 1058
1060 1061
1060 1100
1060 1020
1060 1059
1061 1062
1061 1101
1061 1021
1061 1060
1062 1063
1062 1102
1062 1022
1062 1061
1063 1064
1063 1103
1063 1023
1063 1062
1064 1065
1064 1104
1064 1024
1064 1063
1065 1066
1065 1105
1065 1025
1065 1064
1066 1067
1066 1106
1066 1026
1066 1065
1067 1068
1067 1107
1067 1027
1067 1066
1068 1069
1068 1108
1068 1028
1068 1067
1069 1070
1069 1109
1069 1029
1069 1068
1070 1071
1070 1110
1070 1030
1070 1069
1071 1072
1071 1111
1071 1031
1071 1070
1072 1073
1072 1112
1072 1032
1072 1071
1073 1074
1073 1113
1073 1033
1073 1072
1074 1075
1074 1114
1074 1034
1074 1073
1075 1076
1075 1115
1075 1035
1075 1074
1076 1077
1076 1116
1076 1036
1076 1075
1077 1078
1077 1117
1077 1037
1077 1076
1078 1079
1078 1118
1078 1038
1078 1077
1079 1119
1079 1039
1079 1078
1080 1081
1080 1120
1080 1040
1081 1082
1081 1121
1081 1041
1081 1080
1082 1083
1082 1122
1082 1042
1082 1081
1083 1084
1083 1123
1083 1043
1083 1082
1084 1085
1084 1124
1084 1044
1084 1083
1085 1086
1085 1125
1085 1045
1085 1084
1086 1087
1086 1126
1086 1046
1086 1085
1087 1088
1087 1127
1087 1047
1087 1086
1088 1089
1088 1128
1088 1048
1088 1087
1089 1090
1089 1129
1089 1049
1089 1088
1090 1091
1090 1130
1090 1050
1090 1089
1091 1092
1091 1131
1091 1051
1091 1090
1092 1093
1092 1132
1092 1052
1092 1091
1093 1094
1093 1133
1093 1053
1093 1092
1094 1095
1094 1134
1094 1054
1094 1093
1095 1096
1095 1135
1095 1055
1095 1094
1096 1097
1096 1136
1096 1056
1096 1095
1097 1098
1097 1137
1097 1057
1097 1096
1098 1099
1098 1138
1098 1058
1098 1097
1099 1100
1099 1139
1099 1059
1099 1098
1100 1101
1100 1140
1100 1060
1100 1099
1101 1102
1101 1141
1101 1061
1101 1100
1102 1103
1102 1142
1102 1062
1102 1101
1103 1104
1103 1143
1103 1063
1103 1102
1104 1105
1104 1144
1104 1064
1104 1103
1105 1106
1105 1145
1105 1065
1105 1104
1106 1107
1106 1146
1106 1066
1106 1105
1107 1108
1107 1147
1107 1067
1107 1106
1108 1109
1108 1148
1108 1068
1108 1107
1109 1110
1109 1149
1109 1069
1109 1108
1110 1111
1110 1150
1110 1070
1110 1109
1111 1112
1111 1151
1111 1071
1111 1110
1112 1113
1112 1152
1112 1072
1112 1111
1113 1114
1113 1153
1113 1073
1113 1112
1114 1115
1114 1154
1114 1074
1114 1113
1115 1116
1115 1155
1115 1075
1115 1114
1116 1117
1116 1156
1116 1076
1116 1115
1117 1118
1117 1157
1117 1077
1117 1116
1118 1119
1118 1158
1118 1078
1118 1117
1119 1159
1119 1079
1119 1118
1120 1121
1120 1160
1120 1080
1121 1122
1121 1161
1121 1081
1121 1120
1122 1123
1122 1162
1122 1082
1122 1121
1123 1124
1123 1163
1123 1083
1123 1122
1124 1125
1124 1164
1124 1084
1124 1123
1125 1126
1125 1165
1125 1085
1125 1124
1126 1127
1126 1166
1126 1086
1126 1125
1127 1128
1127 1167
1127 1087
1127 1126
1128 1129
1128 1168
1128 1088
1128 1127
1129 1130
1129 1169
1129 1089
1129 1128
1130 1131
1130 1170
1130 1090
1130 1129
1131 1132
1131 1171
1131 1091
1131 1130
1132 1133
1132 1172
1132 1092
1132 1131
1133 1134
1133 1173
1133 1093
1133 1132
1134 1135
1134 1174
1134 1094
1134 1133
1135 1136
1135 1175
1135 1095
1135 1134
1136 1137
1136 1176
1136 1096
1136 1135
1137 1138
1137 1177
1137 1097
1137 1136
1138 1139
1138 1178
1138 1098
1138 1137
1139 1140
1139 1179
1139 1099
1139 1138
1140 1141
1140 1180
1140 1100
1140 1139
1141 1142
1141 1181
1141 1101
1141 1140
1142 1143
1142 1182
1142 1102
1142 1141
1143 1144
1143 1183
1143 1103
1143 1142
1144 1145
1144 1184
1144 1104
1144 1143
1145 1146
1145 1185
1145 1105
1145 1144
1146 1147
1146 1186
1146 1106
1146 1145
1147 1148
1147 1187
1147 1107
1147 1146
1148 1149
1148 1188
1148 1108
1148 1147
1149 1150
1149 1189
1149 1109
1149 1148
1150 1151
1150 1190
1150 1110
1150 1149
1151 1152
1151 1191
1151 1111
1151 1150
1152 1153
1152 1192
1152 1112
1152 1151
1153 1154
1153 1193
1153 1113
1153 1152
1154 1155
1154 1194
1154 1114
1154 1153
1155 1156
1155 1195
1155 1115
1155 1154
1156 1157
1156 1196
1156 1116
1156 1155
1157 1158
1157 1197
1157 1117
1157 1156
1158 1159
1158 1198
1158 1118
1158 1157
1159 1199
1159 1119
1159 1158
1160 1161
1160 1200
1160 1120
1161 1162
1161 1201
1161 1121
1161 1160
1162 1163
1162 1202
1162 1122
1162 1161
1163 1164
1163 1203
1163 1123
1163 1162
1164 1165
1164 1204
1164 1124
1164 1163
1165 1166
1165 1205
1165 1125
1165 1164
1166 1167
1166 1206
1166 1126
1166 1165
1167 1168
1167 1207
1167 1127
1167 1166
1168 1169
1168 1208
1168 1128
1168 1167
1169 1170
1169 1209
1169 1129
1169 1168
1170 1171
1170 1210
1170 1130
1170 1169
1171 1172
1171 1211
1171 1131
1171 1170
1172 1173
1172 1212
1172 1132
1172 1171
1173 1174
1173 1213
1173 1133
1173 1172
1174 1175
1174 1214
1174 1134
1174 1173
1175 1176
1175 1215
1175 1135
1175 1174
1176 1177
1176 1216
1176 1136
1176 1175
1177 1178
1177 1217
1177 1137
1177 1176
1178 1179
1178 1218
1178 1138
1178 1177
1179 1180
1179 1219
1179 1139
1179 1178
1180 1181
1180 1220
1180 1140
1180 1179
1181 1182
1181 1221
1181 1141
1181 1180
1182 1183
1182 1222
1182 1142
1182 1181
1183 1184
1183 1223
1183 1143
1183 1182
1184 1185
1184 1224
1184 1144
1184 1183
1185 1186
1185 1225
1185 1145
1185 1184
1186 1187
1186 1226
1186 1146
1186 1185
1187 1188
1187 1227
1187 1147
1187 1186
1188 1189
1188 1228
1188 1148
1188 1187
1189 1190
1189 1229
1189 1149
1189 1188
1190 1191
1190 1230
1190 1150
1190 1189
1191 1192
1191 1231
1191 1151
1191 1190
1192 1193
1192 1232
1192 1152
1192 1191
1193 1194
1193 1233
1193 1153
1193 1192
1194 1195
1194 1234
1194 1154
1194 1193
1195 1196
1195 1235
1195 1155
1195 1194
1196 1197
1196 1236
1196 1156
1196 1195
1197 1198
1197 1237
1197 1157
1197 1196
1198 1199
1198 1238
1198 1158
1198 1197
1199 1239
1199 1159
1199 1198
1200 1201
1200 1240
1200 1160
1201 1202
1201 1241
1201 1161
1201 1200
1202 1203
1202 1242
1202 1162
1202 1201
1203 1204
1203 1243
1203 1163
1203 1202
1204 1205
1204 1244
1204 1164
1204 1203
1205 1206
1205 1245
1205 1165
1205 1204
1206 1207
1206 1246
1206 1166
1206 1205
1207 1208
1207 1247
1207 1167
1207 1206
1208 1209
1208 1248
1208 1168
1208 1207
1209 1210
1209 1249
1209 1169
1209 1208
1210 1211
1210 1250
1210 1170
1210 1209
1211 1212
1211 1251
1211 1171
1211 1210
1212 1213
1212 1252
1212 1172
1212 1211
1213 1214
1213 1253
1213 1173
1213 1212
1214 1215
1214 1254
1214 1174
1214 1213
1215 1216
1215 1255
1215 1175
1215 1214
1216 1217
1216 1256
1216 1176
1216 1215
1217 1218
1217 1257
1217 1177
1217 1216
1218 1219
1218 1258
1218 1178
1218 1217
1219 1220
1219 1259
1219 1179
1219 1218
1220 1221
1220 1260
1220 1180
1220 1219
1221 1222
1221 1261
1221 1181
1221 1220
1222 1223
1222 1262
1222 1182
1222 1221
1223 1224
1223 1263
1223 1183
1223 1222
1224 1225
1224 1264
1224 1184
1224 1223
1225 1226
1225 1265
1225 1185
1225 1224
1226 1227
1226 1266
1226 1186
1226 1225
1227 1228
1227 1267
1227 1187
1227 1226
1228 1229
1228 1268
1228 1188
1228 1227
1229 1230
1229 1269
1229 1189
1229 1228
1230 1231
1230 1270
1230 1190
1230 1229
1231 1232
1231 1271
1231 1191
1231 1230
1232 1233
1232 1272
1232 1192
1232 1231
1233 1234
1233 1273
1233 1193
1233 1232
1234 1235
1234 1274
1234 1194
1234 1233
1235 1236
1235 1275
1235 1195
1235 1234
1236 1237
1236 1276
1236 1196
1236 1235
1237 1238
1237 1277
1237 1197
1237 1236
1238 1239
1238 1278
1238 1198
1238 1237
1239 1279
1239 1199
1239 1238
1240 1241
1240 1280
1240 1200
1241 1242
1241 1281
1241 1201
1241 1240
1242 1243
1242 1282
1242 1202
1242 1241
1243 1244
1243 1283
1243 1203
1243 1242
1244 1245
1244 1284
1244 1204
1244 1243
1245 1246
1245 1285
1245 1205
1245 1244
1246 1247
1246 1286
1246 1206
1246 1245
1247 1248
1247 1287
1247 1207
1247 1246
1248 1249
1248 1288
1248 1208
1248 1247
1249 1250
1249 1289
1249 1209
1249 1248
1250 1251
1250 1290
1250 1210
1250 1249
1251 1252
1251 1291
1251 1211
1251 1250
1252 1253
1252 1292
1252 1212
1252 1251
1253 1254
1253 1293
1253 1213
1253 1252
1254 1255
1254 1294
1254 1214
1254 1253
1255 1256
1255 1295
1255 1215
1255 1254
1256 1257
1256 1296
1256 1216
1256 1255
1257 1258
1257 1297
1257 1217
1257 1256
1258 1259
1258 1298
1258 1218
1258 1257
1259 1260
1259 1299
1259 1219
1259 1258
1260 1261
1260 1300
1260 1220
1260 1259
1261 1262
1261 1301
1261 1221
1261 1260
1262 1263
1262 1302
1262 1222
1262 1261
1263 1264
1263 1303
1263 1223
1263 1262
1264 1265
1264 1304
1264 1224
1264 1263
1265 1266
1265 1305
1265 1225
1265 1264
1266 1267
1266 1306
1266 1226
1266 1265
1267 1268
1267 1307
1267 1227
1267 1266
1268 1269
1268 1308
1268 1228
1268 1267
1269 1270
1269 1309
1269 1229
1269 1268
1270 1271
1270 1310
1270 1230
1270 1269
1271 1272
1271 1311
1271 1231
1271 1270
1272 1273
1272 1312
1272 1232
1272 1271
1273 1274
1273 1313
1273 1233
1273 1272
1274 1275
1274 1314
1274 1234
1274 1273
1275 1276
1275 1315
1275 1235
1275 1274
1276 1277
1276 1316
1276 1236
1276 1275
1277 1278
1277 1317
1277 1237
1277 1276
1278 1279
1278 1318
1278 1238
1278 1277
1279 1319
1279 1239
1279 1278
1280 1281
1280 1320
1280 1240
1281 1282
1281 1321
1281 1241
1281 1280
1282 1283
1282 1322
1282 1242
1282 1281
1283 1284
1283 1323
1283 1243
1283 1282
1284 1285
1284 1324
1284 1244
1284 1283
1285 1286
1285 1325
1285 1245
1285 1284
1286 1287
1286 1326
1286 1246
1286 1285
1287 1288
1287 1327
1287 1247
1287 1286
1288 1289
1288 1328
1288 1248
1288 1287
1289 1290
1289 1329
1289 1249
1289 1288
1290 1291
1290 1330
1290 1250
1290 1289
1291 1292
1291 1331
1291 1251
1291 1290
1292 1293
1292 1332
1292 1252
1292 1291
1293 1294
1293 1333
1293 1253
1293 1292
1294 1295
1294 1334
1294 1254
1294 1293
1295 1296
1295 1335
1295 1255
1295 1294
1296 1297
1296 1336
1296 1256
1296 1295
1297 1298
1297 1337
1297 1257
1297 1296
1298 1299
1298 1338
1298 1258
1298 1297
1299 1300
1299 1339
1299 1259
1299 1298
1300 1301
1300 1340
1300 1260
1300 1299
1301 1302
1301 1341
1301 1261
1301 1300
1302 1303
1302 1342
1302 1262
1302 1301
1303 1304
1303 1343
1303 1263
1303 1302
1304 1305
1304 1344
1304 1264
1304 1303
1305 1306
1305 1345
1305 1265
1305 1304
1306 1307
1306 1346
1306 1266
1306 1305
1307 1308
1307 1347
1307 1267
1307 1306
1308 1309
1308 1348
1308 1268
1308 1307
1309 1310
1309 1349
1309 1269
1309 1308
1310 1311
1310 1350
1310 1270
1310 1309
1311 1312
1311 1351
1311 1271
1311 1310
1312 1313
1312 1352
1312 1272
1312 1311
1313 1314
1313 1353
1313 1273
1313 1312
1314 1315
1314 1354
1314 1274
1314 1313
1315 1316
1315 1355
1315 1275
1315 1314
1316 1317
1316 1356
1316 1276
1316 1315
1317 1318
1317 1357
1317 1277
1317 1316
1318 1319
1318 1358
1318 1278
1318 1317
1319 1359
1319 1279
1319 1318
1320 1321
1320 1360
1320 1280
1321 1322
1321 1361
1321 1281
1321 1320
1322 1323
1322 1362
1322 1282
1322 1321
1323 1324
1323 1363
1323 1283
1323 1322
1324 1325
1324 1364
1324 1284
1324 1323
1325 1326
1325 1365
1325 1285
1325 1324
1326 1327
1326 1366
1326 1286
1326 1325
1327 1328
1327 1367
1327 1287
1327 1326
1328 1329
1328 1368
1328 1288
1328 1327
1329 1330
1329 1369
1329 1289
1329 1328
1330 1331
1330 1370
1330 1290
1330 1329
1331 1332
1331 1371
1331 1291
1331 1330
1332 1333
1332 1372
1332 1292
1332 1331
1333 1334
1333 1373
1333 1293
1333 1332
1334 1335
1334 1374
1334 1294
1334 1333
1335 1336
1335 1375
1335 1295
1335 1334
1336 1337
1336 1376
1336 1296
1336 1335
1337 1338
1337 1377
1337 1297
1337 1336
1338 1339
1338 1378
1338 1298
1338 1337
1339 1340
1339 1379
1339 1299
1339 1338
1340 1341
1340 1380
1340 1300
1340 1339
1341 1342
1341 1381
1341 1301
1341 1340
1342 1343
1342 1382
1342 1302
1342 1341
1343 1344
1343 1383
1343 1303
1343 1342
1344 1345
1344 1384
1344 1304
1344 1343
1345 1346
1345 1385
1345 1305
1345 1344
1346 1347
1346 1386
1346 1306
1346 1345
1347 1348
1347 1387
1347 1307
1347 1346
1348 1349
1348 1388
1348 1308
1348 1347
1349 1350
1349 1389
1349 1309
1349 1348
1350 1351
1350 1390
1350 1310
1350 1349
1351 1352
1351 1391
1351 1311
1351 1350
1352 1353
1352 1392
1352 1312
1352 1351
1353 1354
1353 1393
1353 1313
1353 1352
1354 1355
1354 1394
1354 1314
1354 1353
1355 1356
1355 1395
1355 1315
1355 1354
1356 1357
1356 1396
1356 1316
1356 1355
1357 1358
1357 1397
1357 1317
1357 1356
1358 1359
1358 1398
1358 1318
1358 1357
1359 1399
1359 1319
1359 1358
1360 1361
1360 1400
1360 1320
1361 1362
1361 1401
1361 1321
1361 1360
1362 1363
1362 1402
1362 1322
1362 1361
1363 1364
