100 316
0 0
0 1
0 2
0 3
0 4
0 5
0 6
0 7
0 8
0 9
1 0
1 1
1 2
1 3
1 4
1 5
1 6
1 7
1 8
1 9
2 0
2 1
2 2
2 3
2 4
2 5
2 6
2 7
2 8
2 9
3 0
3 1
3 2
3 3
3 4
3 5
3 6
3 7
3 8
3 9
4 0
4 1
4 2
4 3
4 4
4 5
4 6
4 7
4 8
4 9
5 0
5 1
5 2
5 3
5 4
5 5
5 6
5 7
5 8
5 9
6 0
6 1
6 2
6 3
6 4
6 5
6 6
6 7
6 8
6 9
7 0
7 1
7 2
7 3
7 4
7 5
7 6
7 7
7 8
7 9
8 0
8 1
8 2
8 3
8 4
8 5
8 6
8 7
8 8
8 9
9 0
9 1
9 2
9 3
9 4
9 5
9 6
9 7
9 8
9 9
0 1
0 10
1 2
1 11
1 0
2 3
2 12
2 1
3 4
3 13
3 2
4 5
4 14
4 3
5 6
5 15
5 4
6 7
6 16
6 5
7 8
7 17
7 6
8 9
8 18
8 7
9 19
9 8
10 11
10 20
10 0
11 12
11 21
11 1
11 10
12 13
12 22
12 2
12 11
13 14
13 23
13 3
13 12
14 15
14 24
14 4
14 13
15 16
15 25
15 5
15 14
16 17
16 26
16 6
16 15
17 18
17 27
17 7
17 16
18 19
18 28
18 8
18 17
19 29
19 9
19 18
20 21
20 30
20 10
21 22
21 31
21 11
21 20
22 23
22 32
22 12
22 21
23 24
23 33
23 13
23 22
24 25
24 34
24 14
24 23
25 26
25 35
25 15
25 24
26 27
26 36
26 16
26 25
27 28
27 37
27 17
27 26
28 29
28 38
28 18
28 27
29 39
29 19
29 28
30 31
30 40
30 20
31 32
31 41
31 21
31 30
32 33
32 42
32 22
32 31
33 34
33 43
33 23
33 32
34 35
34 44
34 24
34 33
35 36
35 45
35 25
35 34
36 37
36 46
36 26
36 35
37 38
37 47
37 27
37 36
38 39
38 48
38 28
38 37
39 49
39 29
39 38
40 41
40 50
40 30
41 42
41 51
41 31
41 40
42 43
42 52
42 32
42 41
43 44
43 53
43 33
43 42
44 45
44 54
44 34
44 43
45 46
45 55
45 35
45 44
46 47
46 56
46 36
46 45
47 48
47 57
47 37
47 46
48 49
48 58
48 38
48 47
49 59
49 39
49 48
50 51
50 60
50 40
51 52
51 61
51 41
51 50
52 53
52 62
52 42
52 51
53 54
53 63
53 43
53 52
54 55
54 64
54 44
54 53
55 56
55 65
55 45
55 54
56 57
56 66
56 46
56 55
57 58
57 67
57 47
57 56
58 59
58 68
58 48
58 57
59 69
59 49
59 58
60 61
60 70
60 50
61 62
61 71
61 51
61 60
62 63
62 72
62 52
62 61
63 64
63 73
63 53
63 62
64 65
64 74
64 54
64 63
65 66
65 75
65 55
65 64
66 67
66 76
66 56
66 65
67 68
67 77
67 57
67 66
68 69
68 78
68 58
68 67
69 79
69 59
69 68
70 71
70 80
70 60
71 72
71 81
71 61
71 70
72 73
72 82
72 62
72 71
73 74
73 83
73 63
73 72
74 75
74 84
74 64
74 73
75 76
75 85
75 65
75 74
76 77
76 86
76 66
76 75
77 78
77 87
77 67
77 76
78 79
78 88
78 68
78 77
79 89
79 69
79 78
80 81
80 90
80 70
81 82
81 91
81 71
81 80
82 83
82 92
82 72
82 81
83 84
83 93
83 73
83 82
84 85
84 94
84 74
84 83
85 86
85 95
85 75
