400 64400 26246272513
500 50500 55036784051
200 8200 2776953737
200 8200 2752875808
300 72300 11335035561
200 24200 2804313343
200 24200 2758817617
100 100 292433666
100 2100 297132104
500 500 55224804777
300 54300 10150102993
400 32400 27927176014
100 6100 313881879
400 400 27975772811
100 8100 341872657
400 96400 27475520143
500 200500 55210230745
500 100500 56616128713
200 16200 2990530799
100 4100 314250217
300 36300 10826578143
200 200 2975292458
400 128400 28047023252
200 32200 2969912564
300 18300 10821069881
500 150500 58219120145
300 300 11002396856
