400 856 103306
900 1944 170352
100 316 72394
100 280 36868
1600 4720 439185
900 1596 72538
900 1596 3145
400 1160 167626
2500 4460 214120
100 208 55103
1600 4096 1095400
900 2292 324907
900 1248 123457
400 1312 184420
100 244 70084
100 244 1134
2500 8380 1622688
100 100 6616
2500 2500 142701
1600 2848 434621
2500 3480 173675
400 1464 282515
400 552 27569
900 2988 725626
1600 5968 1429804
400 400 68040
2500 6420 1585983
400 704 3301
100 136 20371
1600 1600 81371
100 352 96553
2500 5440 1018812
2500 7400 1779761
900 2640 601407
100 172 17999
1600 3472 178696
900 900 153168
900 3336 1012537
1600 5344 1313631
400 1008 61296
2500 9360 1910931
1600 2224 119226
