400 64400 2497032729
500 50500 2697486363
200 8200 239075002
200 8200 69357933
300 72300 1923508171
200 24200 470403086
200 24200 189997181
100 100 3334581
100 2100 39550975
500 500 75201845
300 54300 1430879143
400 32400 1581578488
100 6100 77928455
400 400 51716631
100 8100 100885008
400 96400 3401155115
500 200500 7458935505
500 100500 4443517562
200 16200 387473261
100 4100 61524219
300 36300 1145060271
200 200 13687924
400 128400 4185047669
200 32200 612043062
300 18300 745989501
500 150500 6122107103
300 300 31021799
