400 856 275578
900 1944 412839
100 316 65441
100 280 10167
1600 4720 14826
900 1596 17621
900 1596 4591
400 1160 380975
2500 4460 1055247
100 208 68767
1600 4096 2906395
900 2292 110795
900 1248 245048
400 1312 328098
100 244 60009
100 244 1513
2500 8380 88605
100 100 5888
2500 2500 772955
1600 2848 39496
2500 3480 906782
400 1464 27841
400 552 44983
900 2988 194697
1600 5968 114088
400 400 78646
2500 6420 176307
400 704 4578
100 136 64666
1600 1600 386306
100 352 42041
2500 5440 359368
2500 7400 2792118
900 2640 140566
100 172 5344
1600 3472 41514
900 900 281098
900 3336 150203
1600 5344 2937526
400 1008 363796
2500 9360 87563
1600 2224 10952
