400 64400 2322277924
500 50500 4462286084
200 8200 280958158
200 8200 55418664
300 72300 1038531268
200 24200 292872882
200 24200 55489887
100 100 7147568
100 2100 34042123
500 500 858878430
300 54300 985839301
400 32400 2412931781
100 6100 38891961
400 400 470057066
100 8100 43470779
400 96400 2664495851
500 200500 4663627987
500 100500 4632467652
200 16200 313195423
100 4100 37744920
300 36300 1044900083
200 200 59540822
400 128400 2513983596
200 32200 313004662
300 18300 1015969341
500 150500 4774391985
300 300 204160144
